        Label (%Miss) Pop:  Inferred clusters
  1 BD_BH_90997    (0)    1 :  0.680 0.255 0.045 0.020 
  2 BR_BH_00373    (0)    2 :  0.075 0.846 0.038 0.041 
  3 BR_BH_00374    (3)    2 :  0.023 0.966 0.005 0.005 
  4 BR_BH_00375    (0)    2 :  0.019 0.965 0.009 0.007 
  5 BR_BH_00376    (0)    2 :  0.006 0.988 0.003 0.003 
  6 BR_BH_00377    (0)    2 :  0.013 0.964 0.013 0.010 
  7 BR_BH_00378    (3)    2 :  0.577 0.409 0.006 0.008 
  8 BR_BH_00379    (0)    2 :  0.256 0.717 0.014 0.013 
  9 BR_BH_00381    (0)    2 :  0.079 0.901 0.009 0.011 
 10 BR_BH_00382    (0)    2 :  0.022 0.969 0.005 0.005 
 11 BR_BH_00383    (0)    2 :  0.010 0.982 0.004 0.004 
 12 BR_BH_00384    (0)    2 :  0.045 0.943 0.007 0.005 
 13 BR_BH_00385    (0)    2 :  0.285 0.704 0.005 0.006 
 14 BR_BH_00391    (6)    2 :  0.092 0.878 0.015 0.015 
 15 BR_BH_00394    (0)    2 :  0.091 0.872 0.018 0.019 
 16 BR_BH_00395    (3)    2 :  0.013 0.931 0.038 0.018 
 17 BR_BH_00397    (0)    2 :  0.025 0.966 0.005 0.005 
 18 BR_BH_00398    (3)    2 :  0.014 0.973 0.007 0.006 
 19 BR_BH_00399    (0)    2 :  0.688 0.285 0.012 0.015 
 20 BR_BH_00400    (0)    2 :  0.010 0.939 0.035 0.016 
 21 BR_BH_00401    (0)    2 :  0.033 0.954 0.007 0.006 
 22 BR_BH_00402    (0)    2 :  0.021 0.968 0.006 0.006 
 23 BR_BH_00403    (0)    2 :  0.010 0.981 0.005 0.004 
 24 BR_BH_00405    (0)    2 :  0.034 0.944 0.012 0.010 
 25 BR_BH_00406    (0)    2 :  0.010 0.983 0.003 0.003 
 26 BR_BH_00407    (3)    2 :  0.010 0.970 0.012 0.008 
 27 BR_BH_00408    (0)    2 :  0.019 0.975 0.003 0.003 
 28 BR_BH_00409    (0)    2 :  0.023 0.953 0.016 0.009 
 29 BR_BH_00410    (0)    2 :  0.011 0.983 0.003 0.003 
 30 BR_BH_00411    (3)    2 :  0.013 0.978 0.005 0.004 
 31 BR_BH_00412    (0)    2 :  0.017 0.972 0.006 0.005 
 32 BR_BH_00722    (0)    2 :  0.045 0.945 0.005 0.005 
 33 BR_BH_00723    (0)    2 :  0.302 0.678 0.010 0.010 
 34 BR_BH_00724    (0)    2 :  0.011 0.980 0.005 0.004 
 35 BR_BH_00725    (0)    2 :  0.044 0.932 0.013 0.011 
 36 BR_BH_00726    (0)    2 :  0.806 0.179 0.007 0.008 
 37 BR_BH_00727    (0)    2 :  0.009 0.965 0.016 0.010 
 38 BR_BH_00728    (0)    2 :  0.270 0.699 0.012 0.018 
 39 BR_BH_51614    (3)    2 :  0.032 0.950 0.008 0.011 
 40 BR_BH_90002    (0)    2 :  0.017 0.010 0.065 0.909 
 41 BR_BH_90052    (0)    2 :  0.020 0.961 0.009 0.010 
 42 BR_BH_90053    (0)    2 :  0.025 0.963 0.006 0.006 
 43 BR_BH_90093    (0)    2 :  0.016 0.961 0.013 0.010 
 44 BR_BH_90306    (0)    2 :  0.064 0.927 0.004 0.004 
 45 BR_BH_90314    (0)    2 :  0.248 0.713 0.018 0.021 
 46 BR_BH_90322    (0)    2 :  0.512 0.458 0.014 0.015 
 47 BR_BH_90330    (0)    2 :  0.017 0.965 0.010 0.009 
 48 BR_BH_90351    (0)    2 :  0.331 0.641 0.012 0.016 
 49 BR_BH_90353    (0)    2 :  0.023 0.963 0.007 0.007 
 50 BR_BH_90356    (0)    2 :  0.032 0.939 0.016 0.013 
 51 BR_BH_90364    (0)    2 :  0.040 0.933 0.016 0.012 
 52 BR_BH_90366   (18)    2 :  0.018 0.961 0.012 0.008 
 53 BR_BH_90381    (0)    2 :  0.038 0.953 0.005 0.005 
 54 BR_BH_90392    (0)    2 :  0.039 0.899 0.037 0.025 
 55 BR_BH_90394    (0)    2 :  0.069 0.904 0.015 0.011 
 56 BR_BH_91091    (0)    2 :  0.105 0.884 0.005 0.005 
 57 BR_BH_91101    (0)    2 :  0.039 0.932 0.015 0.014 
 58 BR_BH_91102    (0)    2 :  0.025 0.952 0.012 0.011 
 59 BR_BH_91107    (3)    2 :  0.147 0.832 0.010 0.011 
 60 BR_BH_91110    (0)    2 :  0.026 0.951 0.012 0.011 
 61 BR_BH_91115    (0)    2 :  0.012 0.979 0.004 0.004 
 62 BR_BH_91122    (0)    2 :  0.011 0.978 0.006 0.005 
 63 BR_BH_91123    (0)    2 :  0.018 0.971 0.006 0.005 
 64 BR_BH_91124    (0)    2 :  0.015 0.979 0.004 0.003 
 65 BR_BH_91127    (0)    2 :  0.160 0.808 0.014 0.018 
 66 BR_BH_91128    (0)    2 :  0.169 0.775 0.028 0.028 
 67 BR_BH_91129    (0)    2 :  0.016 0.964 0.012 0.007 
 68 BR_BH_91134    (0)    2 :  0.009 0.984 0.004 0.003 
 69 BR_BH_91135    (0)    2 :  0.017 0.967 0.008 0.008 
 70 BR_BH_91137    (0)    2 :  0.647 0.329 0.011 0.013 
 71 BR_BH_91138    (0)    2 :  0.502 0.470 0.012 0.016 
 72 BR_BH_91143    (0)    2 :  0.033 0.950 0.009 0.009 
 73 BR_BH_91145    (0)    2 :  0.042 0.931 0.014 0.013 
 74 BR_BH_91146    (0)    2 :  0.008 0.006 0.132 0.854 
 75 BR_BH_91150    (0)    2 :  0.032 0.954 0.007 0.007 
 76 BR_BH_91155    (0)    2 :  0.101 0.867 0.012 0.020 
 77 BR_BH_91176    (0)    2 :  0.902 0.076 0.012 0.011 
 78 BR_BH_91178    (0)    2 :  0.174 0.774 0.028 0.025 
 79 BR_BH_91183    (0)    2 :  0.189 0.788 0.010 0.013 
 80 BR_BH_91187    (0)    2 :  0.016 0.978 0.003 0.003 
 81 BR_BH_91514    (0)    2 :  0.028 0.947 0.014 0.012 
 82 BR_BH_91525    (0)    2 :  0.023 0.969 0.004 0.003 
 83 BR_BH_91550    (0)    2 :  0.036 0.952 0.007 0.006 
 84 BR_BH_91558    (0)    2 :  0.026 0.917 0.032 0.025 
 85 BR_BH_91559    (0)    2 :  0.121 0.850 0.016 0.014 
 86 BR_BH_91561    (0)    2 :  0.013 0.979 0.004 0.004 
 87 BR_BH_91563    (0)    2 :  0.128 0.860 0.006 0.006 
 88 BR_BH_91566    (3)    2 :  0.033 0.958 0.005 0.004 
 89 BR_BH_91585    (0)    2 :  0.979 0.011 0.005 0.005 
 90 BR_BH_91588    (3)    2 :  0.241 0.728 0.014 0.017 
 91 BR_BH_92990    (0)    2 :  0.017 0.972 0.006 0.005 
 92 BR_BH_92997    (0)    2 :  0.025 0.963 0.006 0.006 
 93 BR_BH_93007    (0)    2 :  0.013 0.981 0.003 0.003 
 94 BR_BH_93009    (0)    2 :  0.078 0.909 0.006 0.007 
 95 BR_BH_93013    (0)    2 :  0.431 0.553 0.008 0.009 
 96 BR_BH_93014    (0)    2 :  0.164 0.821 0.007 0.007 
 97 BR_BH_93047    (0)    2 :  0.033 0.958 0.004 0.005 
 98 BR_BH_93048    (0)    2 :  0.056 0.898 0.028 0.018 
 99 BR_BH_93050    (3)    2 :  0.144 0.767 0.052 0.037 
100 BR_BH_93051    (0)    2 :  0.007 0.980 0.008 0.005 
101 BR_BH_93053    (0)    2 :  0.544 0.408 0.024 0.024 
102 BR_BH_93060    (0)    2 :  0.442 0.506 0.025 0.026 
103 BR_BH_93064    (0)    2 :  0.106 0.698 0.132 0.063 
104 BR_BH_93065    (0)    2 :  0.723 0.153 0.057 0.067 
105 BR_BH_93067    (0)    2 :  0.031 0.930 0.016 0.023 
106 BR_BH_93075    (0)    2 :  0.072 0.890 0.023 0.015 
107 BR_BH_93076    (0)    2 :  0.027 0.963 0.006 0.004 
108 BR_BH_93084    (0)    2 :  0.047 0.940 0.006 0.007 
109 BR_BH_93085    (0)    2 :  0.017 0.968 0.008 0.007 
110 BR_BH_93091    (0)    2 :  0.009 0.979 0.006 0.006 
111 BR_BH_93092    (3)    2 :  0.011 0.977 0.006 0.006 
112 BR_BH_93093    (0)    2 :  0.875 0.103 0.011 0.011 
113 BR_BH_93096    (0)    2 :  0.012 0.975 0.006 0.007 
114 BR_BH_93097    (0)    2 :  0.011 0.939 0.033 0.017 
115 BR_BH_93099    (0)    2 :  0.023 0.961 0.009 0.007 
116 BR_BH_93106    (0)    2 :  0.013 0.971 0.008 0.008 
117 BR_BH_93108    (0)    2 :  0.015 0.966 0.009 0.009 
118 BR_BH_93109    (0)    2 :  0.885 0.098 0.008 0.009 
119 BR_BH_93112    (0)    2 :  0.010 0.983 0.004 0.003 
120 BR_BH_93114    (0)    2 :  0.065 0.869 0.040 0.026 
121 BR_BH_93116    (0)    2 :  0.029 0.914 0.034 0.023 
122 BR_BH_93117    (0)    2 :  0.142 0.838 0.010 0.010 
123 BR_BH_93122    (0)    2 :  0.244 0.744 0.006 0.006 
124 BR_BH_93130    (3)    2 :  0.854 0.132 0.007 0.008 
125 BR_BH_93131    (0)    2 :  0.011 0.979 0.006 0.004 
126 BR_BH_93132    (0)    2 :  0.268 0.692 0.018 0.023 
127 BR_BH_93133    (0)    2 :  0.480 0.502 0.010 0.008 
128 BR_BH_93136    (0)    2 :  0.013 0.977 0.005 0.004 
129 BR_BH_93137    (0)    2 :  0.011 0.982 0.003 0.003 
130 BR_BH_93138    (0)    2 :  0.071 0.900 0.016 0.013 
131 BR_BH_93140    (0)    2 :  0.169 0.819 0.006 0.006 
132 BR_BH_93145    (0)    2 :  0.017 0.963 0.012 0.009 
133 BR_BH_93147    (0)    2 :  0.314 0.611 0.050 0.025 
134 BR_BH_93148    (0)    2 :  0.011 0.967 0.013 0.009 
135 BR_BH_93151    (0)    2 :  0.047 0.895 0.034 0.024 
136 BR_BH_93153    (3)    2 :  0.011 0.976 0.007 0.006 
137 BR_BH_93154    (3)    2 :  0.012 0.977 0.005 0.005 
138 BR_BH_93155    (0)    2 :  0.008 0.977 0.009 0.006 
139 BR_BH_93178    (0)    2 :  0.053 0.934 0.006 0.006 
140 BR_BH_93194    (0)    2 :  0.033 0.953 0.008 0.006 
141 BB_BH_00251    (0)    3 :  0.340 0.124 0.258 0.278 
142 BB_BH_00252    (0)    3 :  0.012 0.010 0.084 0.894 
143 BB_BH_00253    (0)    3 :  0.018 0.050 0.212 0.720 
144 BB_BH_00254    (0)    3 :  0.668 0.291 0.025 0.015 
145 BB_BH_00255    (0)    3 :  0.008 0.012 0.907 0.072 
146 BB_BH_00256    (0)    3 :  0.009 0.007 0.333 0.650 
147 BB_BH_00257    (0)    3 :  0.010 0.012 0.936 0.042 
148 BB_BH_00258    (0)    3 :  0.006 0.004 0.245 0.745 
149 BB_BH_00259    (0)    3 :  0.032 0.014 0.555 0.399 
150 BB_BH_00260    (0)    3 :  0.011 0.017 0.927 0.045 
151 BB_BH_00261    (0)    3 :  0.010 0.007 0.114 0.870 
152 BB_BH_00262    (0)    3 :  0.070 0.150 0.627 0.153 
153 BB_BH_00263    (0)    3 :  0.008 0.012 0.808 0.172 
154 BB_BH_00264    (0)    3 :  0.019 0.012 0.349 0.619 
155 BB_BH_00275    (0)    3 :  0.008 0.006 0.241 0.745 
156 BB_BH_00276    (0)    3 :  0.013 0.020 0.920 0.048 
157 BB_BH_00277    (0)    3 :  0.004 0.003 0.892 0.101 
158 BB_BH_00278    (0)    3 :  0.003 0.003 0.194 0.801 
159 BB_BH_00279    (0)    3 :  0.003 0.002 0.141 0.853 
160 BB_BH_00281    (0)    3 :  0.040 0.053 0.859 0.048 
161 BB_BH_00283    (0)    3 :  0.010 0.007 0.454 0.530 
162 BB_BH_00288    (0)    3 :  0.049 0.025 0.121 0.805 
163 BB_BH_00289    (0)    3 :  0.041 0.006 0.691 0.262 
164 BB_BH_00290    (0)    3 :  0.151 0.071 0.650 0.128 
165 BB_BH_00291    (0)    3 :  0.004 0.003 0.084 0.909 
166 BB_BH_00292    (0)    3 :  0.032 0.011 0.511 0.445 
167 BB_BH_00293    (0)    3 :  0.343 0.195 0.144 0.318 
168 BB_BH_00299    (0)    3 :  0.415 0.048 0.285 0.251 
169 BB_BH_00300    (0)    3 :  0.038 0.009 0.494 0.459 
170 BB_BH_00652    (0)    3 :  0.102 0.075 0.458 0.365 
171 BB_BH_00653    (3)    3 :  0.013 0.012 0.063 0.911 
172 BB_BH_00734    (3)    3 :  0.698 0.038 0.135 0.129 
173 BB_BH_00738    (0)    3 :  0.011 0.010 0.131 0.848 
174 BB_BH_00743    (6)    3 :  0.429 0.183 0.136 0.252 
175 BB_BH_00746    (0)    3 :  0.058 0.018 0.344 0.580 
176 BB_BH_01480    (0)    3 :  0.005 0.003 0.112 0.880 
177 BB_BH_01481    (0)    3 :  0.157 0.021 0.413 0.409 
178 BB_BH_01482    (0)    3 :  0.007 0.004 0.230 0.759 
179 BB_BH_01670    (0)    3 :  0.011 0.012 0.923 0.053 
180 BB_BH_01672    (0)    3 :  0.090 0.349 0.410 0.152 
181 BB_BH_01673    (0)    3 :  0.016 0.010 0.396 0.579 
182 BB_BH_01674    (0)    3 :  0.107 0.279 0.252 0.362 
183 BB_BH_01675    (0)    3 :  0.032 0.029 0.262 0.677 
184 BB_BH_01676    (0)    3 :  0.009 0.007 0.216 0.767 
185 BB_BH_01677    (0)    3 :  0.009 0.010 0.074 0.907 
186 BB_BH_01678    (0)    3 :  0.007 0.007 0.132 0.854 
187 BB_BH_01679    (0)    3 :  0.223 0.023 0.538 0.215 
188 BB_BH_01680    (0)    3 :  0.031 0.020 0.825 0.124 
189 BB_BH_01681    (0)    3 :  0.017 0.007 0.251 0.725 
190 BB_BH_01682    (0)    3 :  0.463 0.512 0.016 0.009 
191 BB_BH_01685    (0)    3 :  0.008 0.006 0.109 0.877 
192 BB_BH_01686    (3)    3 :  0.015 0.027 0.926 0.032 
193 BB_BH_01687    (0)    3 :  0.215 0.031 0.473 0.281 
194 BB_BH_01688    (0)    3 :  0.045 0.017 0.235 0.703 
195 BB_BH_01909    (0)    3 :  0.141 0.100 0.305 0.455 
196 BB_BH_01910    (0)    3 :  0.273 0.227 0.445 0.054 
197 BB_BH_01911    (0)    3 :  0.032 0.055 0.818 0.095 
198 BB_BH_01912    (0)    3 :  0.009 0.035 0.925 0.030 
199 BB_BH_01913    (0)    3 :  0.587 0.060 0.209 0.144 
200 BB_BH_01914    (0)    3 :  0.661 0.064 0.103 0.173 
201 BB_BH_01915    (0)    3 :  0.072 0.025 0.301 0.601 
202 BB_BH_01916    (0)    3 :  0.087 0.127 0.238 0.548 
203 BB_BH_01917    (0)    3 :  0.238 0.104 0.234 0.424 
204 BB_BH_01918    (0)    3 :  0.037 0.029 0.902 0.032 
205 BB_BH_02368    (0)    3 :  0.026 0.015 0.105 0.854 
206 BB_BH_50011    (0)    3 :  0.689 0.176 0.070 0.065 
207 BB_BH_51007    (0)    3 :  0.046 0.044 0.878 0.032 
208 BB_BH_51008    (0)    3 :  0.040 0.082 0.853 0.024 
209 BB_BH_51009    (0)    3 :  0.530 0.107 0.170 0.193 
210 BB_BH_51105    (0)    3 :  0.008 0.005 0.460 0.527 
211 BB_BH_51106    (0)    3 :  0.008 0.006 0.096 0.891 
212 BB_BH_51107    (0)    3 :  0.005 0.004 0.214 0.777 
213 BB_BH_51108    (0)    3 :  0.092 0.044 0.076 0.787 
214 BB_BH_51109    (0)    3 :  0.018 0.008 0.114 0.860 
215 BB_BH_51112    (0)    3 :  0.009 0.009 0.936 0.046 
216 BB_BH_51113    (0)    3 :  0.009 0.004 0.140 0.847 
217 BB_BH_51114    (0)    3 :  0.435 0.120 0.313 0.131 
218 BB_BH_51115    (0)    3 :  0.169 0.058 0.268 0.505 
219 BB_BH_51124    (0)    3 :  0.007 0.006 0.971 0.015 
220 BB_BH_51125    (0)    3 :  0.005 0.005 0.166 0.824 
221 BB_BH_51127    (0)    3 :  0.008 0.007 0.067 0.917 
222 BB_BH_51129    (0)    3 :  0.005 0.004 0.144 0.847 
223 BB_BH_51130    (0)    3 :  0.032 0.048 0.577 0.343 
224 BB_BH_51131    (0)    3 :  0.007 0.007 0.951 0.035 
225 BB_BH_51132    (3)    3 :  0.192 0.115 0.191 0.501 
226 BB_BH_51133    (0)    3 :  0.103 0.049 0.429 0.419 
227 BB_BH_51134    (0)    3 :  0.358 0.113 0.354 0.176 
228 BB_BH_51135    (0)    3 :  0.016 0.020 0.923 0.041 
229 BB_BH_51136    (0)    3 :  0.007 0.014 0.929 0.049 
230 BB_BH_51246    (0)    3 :  0.565 0.120 0.182 0.133 
231 BB_BH_51397    (0)    3 :  0.017 0.009 0.303 0.672 
232 BB_BH_90063    (0)    3 :  0.013 0.009 0.178 0.800 
233 BB_BH_90082    (0)    3 :  0.031 0.023 0.403 0.544 
234 BB_BH_90084    (0)    3 :  0.016 0.009 0.079 0.897 
235 BB_BH_90095    (0)    3 :  0.043 0.030 0.458 0.469 
236 BB_BH_90098    (0)    3 :  0.010 0.011 0.185 0.794 
237 BB_BH_90100    (0)    3 :  0.122 0.066 0.363 0.449 
238 BB_BH_90102    (0)    3 :  0.036 0.036 0.300 0.628 
239 BB_BH_90108    (0)    3 :  0.020 0.014 0.288 0.678 
240 BB_BH_90117    (9)    3 :  0.046 0.029 0.426 0.499 
241 BB_BH_90120    (0)    3 :  0.008 0.005 0.269 0.719 
242 BB_BH_90124    (0)    3 :  0.007 0.005 0.121 0.867 
243 BB_BH_90127    (0)    3 :  0.207 0.068 0.340 0.384 
244 BB_BH_90130    (0)    3 :  0.006 0.010 0.956 0.028 
245 BB_BH_90132    (0)    3 :  0.011 0.010 0.150 0.829 
246 BB_BH_90133    (0)    3 :  0.008 0.005 0.241 0.746 
247 BB_BH_90134    (0)    3 :  0.009 0.026 0.905 0.060 
248 BB_BH_90137    (0)    3 :  0.273 0.061 0.247 0.419 
249 BB_BH_90167    (0)    3 :  0.005 0.005 0.951 0.039 
250 BB_BH_90190    (0)    3 :  0.032 0.034 0.756 0.179 
251 BB_BH_90199    (0)    3 :  0.039 0.034 0.475 0.452 
252 BB_BH_90203    (0)    3 :  0.012 0.007 0.172 0.809 
253 BB_BH_90205    (0)    3 :  0.011 0.010 0.932 0.048 
254 BB_BH_90207    (0)    3 :  0.008 0.007 0.180 0.805 
255 BB_BH_90208    (0)    3 :  0.007 0.008 0.864 0.121 
256 BB_BH_90209    (0)    3 :  0.070 0.187 0.490 0.253 
257 BB_BH_90214    (0)    3 :  0.005 0.004 0.074 0.917 
258 BB_BH_90216    (0)    3 :  0.005 0.007 0.093 0.895 
259 BB_BH_90219    (0)    3 :  0.019 0.033 0.910 0.037 
260 BB_BH_90221    (0)    3 :  0.006 0.005 0.112 0.877 
261 BB_BH_90229    (0)    3 :  0.006 0.004 0.204 0.785 
262 BB_BH_90230    (0)    3 :  0.006 0.005 0.090 0.899 
263 BB_BH_90248    (0)    3 :  0.028 0.037 0.922 0.013 
264 BB_BH_90441    (0)    3 :  0.010 0.009 0.108 0.874 
265 BB_BH_90445    (0)    3 :  0.005 0.003 0.086 0.906 
266 BB_BH_90446    (0)    3 :  0.012 0.021 0.288 0.678 
267 BB_BH_90447    (0)    3 :  0.007 0.007 0.881 0.106 
268 BB_BH_90451    (0)    3 :  0.034 0.030 0.800 0.136 
269 BB_BH_90453    (0)    3 :  0.013 0.012 0.879 0.096 
270 BB_BH_90734    (0)    3 :  0.267 0.035 0.477 0.221 
271 BB_BH_90739    (0)    3 :  0.043 0.027 0.443 0.488 
272 BB_BH_90750    (0)    3 :  0.120 0.251 0.521 0.108 
273 BB_BH_90751    (0)    3 :  0.057 0.047 0.853 0.043 
274 BB_BH_90753    (3)    3 :  0.006 0.009 0.095 0.890 
275 BB_BH_90760    (0)    3 :  0.024 0.015 0.218 0.744 
276 BB_BH_90773    (3)    3 :  0.828 0.141 0.015 0.017 
277 BB_BH_90832    (0)    3 :  0.024 0.030 0.809 0.138 
278 BB_BH_90841    (0)    3 :  0.050 0.067 0.355 0.527 
279 BB_BH_90851    (0)    3 :  0.177 0.056 0.610 0.157 
280 BB_BH_90853    (0)    3 :  0.618 0.053 0.102 0.227 
281 BB_BH_90855    (9)    3 :  0.112 0.171 0.643 0.074 
282 BB_BH_90872    (0)    3 :  0.811 0.023 0.127 0.039 
283 BB_BH_90880    (0)    3 :  0.066 0.102 0.426 0.406 
284 BB_BH_90882    (0)    3 :  0.009 0.009 0.281 0.701 
285 BB_BH_90886    (0)    3 :  0.064 0.039 0.198 0.699 
286 BB_BH_90888    (0)    3 :  0.018 0.020 0.281 0.681 
287 BB_BH_90894    (0)    3 :  0.009 0.020 0.919 0.052 
288 BB_BH_90895    (0)    3 :  0.018 0.015 0.169 0.797 
289 BB_BH_90896    (0)    3 :  0.010 0.018 0.941 0.031 
290 BG_BH_01555    (0)    4 :  0.048 0.012 0.595 0.345 
291 BG_BH_01560    (0)    4 :  0.028 0.019 0.914 0.039 
292 BG_BH_01567    (0)    4 :  0.143 0.110 0.379 0.368 
293 BG_BH_01569    (0)    4 :  0.017 0.074 0.897 0.012 
294 BG_BH_01570    (9)    4 :  0.110 0.037 0.355 0.499 
295 BG_BH_01571    (0)    4 :  0.460 0.035 0.300 0.204 
296 BG_BH_01576    (0)    4 :  0.122 0.028 0.266 0.584 
297 BG_BH_01580    (0)    4 :  0.008 0.006 0.114 0.872 
298 BG_BH_01701    (6)    4 :  0.144 0.157 0.628 0.071 
299 BG_BH_01717    (6)    4 :  0.006 0.011 0.970 0.013 
300 BG_BH_01722    (3)    4 :  0.653 0.023 0.146 0.178 
301 BG_BH_01846   (12)    4 :  0.045 0.020 0.368 0.568 
302 BG_BH_90003    (0)    4 :  0.012 0.012 0.089 0.888 
303 BG_BH_90004    (0)    4 :  0.037 0.024 0.071 0.867 
304 BG_BH_90162    (0)    4 :  0.004 0.004 0.089 0.903 
305 BG_BH_90163    (0)    4 :  0.119 0.053 0.764 0.064 
306 BG_BH_90164    (0)    4 :  0.394 0.053 0.259 0.294 
307 BG_BH_90168    (0)    4 :  0.005 0.007 0.942 0.046 
308 BG_BH_90176    (0)    4 :  0.030 0.035 0.238 0.697 
309 BG_BH_90177    (0)    4 :  0.164 0.049 0.272 0.514 
310 BG_BH_90180    (0)    4 :  0.094 0.067 0.399 0.441 
311 BG_BH_90183    (0)    4 :  0.009 0.050 0.929 0.012 
312 BG_BH_90188    (0)    4 :  0.525 0.146 0.281 0.047 
313 BG_BH_90202    (0)    4 :  0.063 0.057 0.835 0.045 
314 BG_BH_90211    (0)    4 :  0.010 0.006 0.305 0.679 
315 BG_BH_90215    (0)    4 :  0.058 0.049 0.863 0.031 
316 BG_BH_90235    (0)    4 :  0.006 0.005 0.844 0.145 
317 BG_BH_90244    (0)    4 :  0.053 0.031 0.161 0.756 
318 BG_BH_90246    (0)    4 :  0.807 0.027 0.074 0.092 
319 BG_BH_90249    (0)    4 :  0.009 0.014 0.865 0.111 
320 BG_BH_90256    (0)    4 :  0.283 0.102 0.369 0.246 
321 BG_BH_90270    (0)    4 :  0.449 0.028 0.192 0.331 
322 BG_BH_90301    (0)    4 :  0.930 0.043 0.014 0.013 
323 BG_BH_90304    (0)    4 :  0.017 0.016 0.075 0.892 
324 BG_BH_90310    (0)    4 :  0.012 0.007 0.189 0.792 
325 BG_BH_90316    (0)    4 :  0.145 0.051 0.378 0.427 
326 BG_BH_90408    (0)    4 :  0.016 0.016 0.248 0.719 
327 BG_BH_90420    (0)    4 :  0.252 0.056 0.345 0.348 
328 BG_BH_90425    (0)    4 :  0.038 0.007 0.673 0.282 
329 BG_BH_90428    (0)    4 :  0.007 0.007 0.844 0.142 
330 BG_BH_90433    (0)    4 :  0.367 0.031 0.576 0.027 
331 BG_BH_90437    (0)    4 :  0.011 0.006 0.230 0.753 
332 BG_BH_90443    (0)    4 :  0.122 0.216 0.462 0.199 
333 BG_BH_90444    (0)    4 :  0.077 0.052 0.412 0.460 
334 BG_BH_90454    (0)    4 :  0.014 0.005 0.453 0.528 
335 BG_BH_90455    (0)    4 :  0.013 0.006 0.398 0.584 
336 BG_BH_90458    (0)    4 :  0.006 0.004 0.101 0.889 
337 BG_BH_90460    (0)    4 :  0.024 0.019 0.142 0.815 
338 BG_BH_90500    (0)    4 :  0.009 0.014 0.834 0.142 
339 BG_BH_90537    (0)    4 :  0.020 0.027 0.906 0.047 
340 BG_BH_90549    (0)    4 :  0.021 0.014 0.167 0.797 
341 BG_BH_90550    (0)    4 :  0.172 0.062 0.370 0.396 
342 BG_BH_90553    (0)    4 :  0.022 0.009 0.333 0.637 
343 BG_BH_90559    (0)    4 :  0.039 0.023 0.381 0.556 
344 BG_BH_90561    (0)    4 :  0.050 0.018 0.262 0.670 
345 BG_BH_90564    (0)    4 :  0.007 0.005 0.216 0.772 
346 BG_BH_90565    (3)    4 :  0.011 0.015 0.181 0.793 
347 BG_BH_90577    (0)    4 :  0.018 0.016 0.935 0.031 
348 BG_BH_90582    (0)    4 :  0.037 0.067 0.829 0.068 
349 BG_BH_90599    (0)    4 :  0.902 0.060 0.019 0.019 
350 BG_BH_90600    (0)    4 :  0.068 0.038 0.245 0.649 
351 BG_BH_90602    (0)    4 :  0.018 0.010 0.923 0.049 
352 BG_BH_90605    (0)    4 :  0.022 0.010 0.105 0.863 
353 BG_BH_90606    (0)    4 :  0.006 0.007 0.888 0.099 
354 BG_BH_90608    (0)    4 :  0.039 0.010 0.881 0.069 
355 BG_BH_90609    (0)    4 :  0.014 0.007 0.220 0.759 
356 BG_BH_90614    (0)    4 :  0.096 0.009 0.617 0.278 
357 BG_BH_90852    (0)    4 :  0.005 0.006 0.943 0.046 
358 BG_BH_90867    (0)    4 :  0.045 0.010 0.240 0.705 
359 BG_BH_90919    (0)    4 :  0.007 0.008 0.896 0.089 
360 D_BH_90923    (0)    5 :  0.013 0.006 0.269 0.712 
361 D_BH_91012    (0)    5 :  0.081 0.899 0.013 0.007 
362 D_BH_91039    (3)    5 :  0.608 0.048 0.122 0.222 
363 D_BH_91230    (0)    5 :  0.761 0.223 0.010 0.007 
364 D_BH_91240    (0)    5 :  0.883 0.100 0.009 0.008 
365 D_BH_91246    (0)    5 :  0.950 0.023 0.013 0.014 
366 D_BH_91257    (0)    5 :  0.237 0.167 0.185 0.412 
367 D_BH_91261    (0)    5 :  0.455 0.032 0.393 0.121 
368 D_BH_91273    (0)    5 :  0.004 0.003 0.079 0.914 
369 D_BH_93100    (0)    5 :  0.931 0.010 0.034 0.025 
370 D_BH_93141    (0)    5 :  0.297 0.196 0.088 0.419 
371 GB_BH_00750    (0)    6 :  0.907 0.082 0.005 0.006 
372 GB_BH_01877    (0)    6 :  0.025 0.950 0.013 0.012 
373 GB_BH_01880    (0)    6 :  0.029 0.020 0.423 0.528 
374 GB_BH_01881    (0)    6 :  0.015 0.011 0.118 0.855 
375 GB_BH_01882    (0)    6 :  0.022 0.012 0.113 0.853 
376 GB_BH_01883    (6)    6 :  0.006 0.009 0.940 0.045 
377 GB_BH_01884    (0)    6 :  0.005 0.006 0.107 0.882 
378 GB_BH_01885    (0)    6 :  0.034 0.023 0.277 0.666 
379 GB_BH_01886    (0)    6 :  0.014 0.009 0.332 0.645 
380 GB_BH_01887    (3)    6 :  0.009 0.010 0.953 0.028 
381 GB_BH_01888    (0)    6 :  0.010 0.014 0.906 0.070 
382 GB_BH_01889    (0)    6 :  0.051 0.035 0.276 0.639 
383 GB_BH_01890    (0)    6 :  0.829 0.063 0.061 0.047 
384 GB_BH_01891    (0)    6 :  0.341 0.092 0.527 0.040 
385 GB_BH_01892    (0)    6 :  0.007 0.006 0.120 0.868 
386 GB_BH_01893    (0)    6 :  0.015 0.006 0.317 0.661 
387 GB_BH_01894    (0)    6 :  0.032 0.011 0.248 0.709 
388 GB_BH_01895    (0)    6 :  0.052 0.934 0.007 0.007 
389 GB_BH_01897    (0)    6 :  0.010 0.010 0.931 0.050 
390 GB_BH_01898    (0)    6 :  0.039 0.014 0.511 0.437 
391 GB_BH_01899    (0)    6 :  0.007 0.005 0.139 0.848 
392 GB_BH_01900    (0)    6 :  0.015 0.009 0.271 0.705 
393 GB_BH_01901    (0)    6 :  0.006 0.005 0.063 0.926 
394 GB_BH_01902    (0)    6 :  0.024 0.020 0.336 0.620 
395 GB_BH_01904    (0)    6 :  0.252 0.230 0.135 0.383 
396 GB_BH_01908    (0)    6 :  0.017 0.024 0.860 0.099 
397 GB_BH_52037    (0)    6 :  0.033 0.012 0.201 0.754 
398 GB_BH_52038    (0)    6 :  0.022 0.013 0.145 0.820 
399 GB_BH_52039    (0)    6 :  0.013 0.012 0.306 0.668 
400 GB_BH_52040    (0)    6 :  0.006 0.004 0.165 0.825 
401 GB_BH_52041    (0)    6 :  0.006 0.006 0.099 0.889 
402 GB_BH_52042    (0)    6 :  0.408 0.024 0.302 0.267 
403 GB_BH_90027    (0)    6 :  0.011 0.009 0.602 0.378 
404 GB_BH_90448    (0)    6 :  0.005 0.008 0.933 0.054 
405 GB_BH_90450    (0)    6 :  0.013 0.008 0.095 0.885 
406 GB_BH_90452    (0)    6 :  0.050 0.032 0.380 0.537 
407 GB_BH_90456    (0)    6 :  0.038 0.033 0.870 0.059 
408 GB_BH_90457    (0)    6 :  0.014 0.006 0.385 0.595 
409 GB_BH_90538    (0)    6 :  0.019 0.018 0.322 0.641 
410 GB_BH_90567    (0)    6 :  0.030 0.057 0.852 0.062 
411 GB_BH_90618    (0)    6 :  0.031 0.014 0.914 0.041 
412 GB_BH_90619    (0)    6 :  0.414 0.051 0.274 0.262 
413 GB_BH_90624    (0)    6 :  0.187 0.053 0.347 0.414 
414 GB_BH_90638    (6)    6 :  0.780 0.042 0.061 0.118 
415 GB_BH_90642    (0)    6 :  0.033 0.021 0.311 0.634 
416 GB_BH_90646    (0)    6 :  0.013 0.010 0.378 0.599 
417 GB_BH_90667    (0)    6 :  0.028 0.058 0.830 0.084 
418 GB_BH_90687    (0)    6 :  0.859 0.053 0.062 0.026 
419 GB_BH_90695    (0)    6 :  0.014 0.019 0.867 0.099 
420 GB_BH_90733    (0)    6 :  0.179 0.181 0.383 0.257 
421 GB_BH_90737    (0)    6 :  0.126 0.100 0.184 0.590 
422 GB_BH_90740    (0)    6 :  0.505 0.144 0.263 0.088 
423 GB_BH_90742    (0)    6 :  0.046 0.118 0.736 0.100 
424 GB_BH_90745    (0)    6 :  0.018 0.010 0.663 0.308 
425 GB_BH_90746    (0)    6 :  0.061 0.025 0.258 0.656 
426 GB_BH_90747    (0)    6 :  0.120 0.126 0.682 0.073 
427 GB_BH_90752    (0)    6 :  0.309 0.092 0.276 0.322 
428 GB_BH_90754    (0)    6 :  0.132 0.062 0.302 0.504 
429 GB_BH_90756    (0)    6 :  0.587 0.396 0.009 0.008 
430 GB_BH_90757    (0)    6 :  0.009 0.008 0.926 0.057 
431 GB_BH_90764    (0)    6 :  0.006 0.004 0.121 0.869 
432 GB_BH_90768    (0)    6 :  0.172 0.227 0.488 0.113 
433 GB_BH_90770    (0)    6 :  0.400 0.141 0.272 0.187 
434 GB_BH_90778    (0)    6 :  0.063 0.035 0.450 0.453 
435 GB_BH_90784    (0)    6 :  0.021 0.012 0.289 0.678 
436 GB_BH_90787    (0)    6 :  0.070 0.030 0.457 0.443 
437 GB_BH_90789    (0)    6 :  0.033 0.088 0.839 0.039 
438 GB_BH_90790    (0)    6 :  0.026 0.018 0.855 0.101 
439 GB_BH_90795    (0)    6 :  0.004 0.003 0.127 0.866 
440 GB_BH_90796    (0)    6 :  0.046 0.179 0.461 0.314 
441 GB_BH_90801    (0)    6 :  0.014 0.008 0.311 0.668 
442 GB_BH_90802    (0)    6 :  0.027 0.011 0.427 0.534 
443 GB_BH_90803    (0)    6 :  0.011 0.008 0.156 0.824 
444 GB_BH_90807    (0)    6 :  0.005 0.006 0.108 0.881 
445 GB_BH_90808    (0)    6 :  0.030 0.065 0.828 0.077 
446 GB_BH_90809    (0)    6 :  0.005 0.004 0.136 0.855 
447 GB_BH_90810    (0)    6 :  0.009 0.005 0.113 0.872 
448 GB_BH_90811    (0)    6 :  0.096 0.009 0.647 0.249 
449 GB_BH_90812    (0)    6 :  0.033 0.154 0.793 0.021 
450 GB_BH_90813    (0)    6 :  0.655 0.121 0.185 0.040 
451 GB_BH_90836    (0)    6 :  0.005 0.005 0.088 0.902 
452 GB_BH_90848    (0)    6 :  0.008 0.005 0.212 0.775 
453 GB_BH_91237    (0)    6 :  0.529 0.216 0.136 0.119 
454 GB_BH_91244    (0)    6 :  0.006 0.007 0.711 0.276 
455 GB_BH_91349    (3)    6 :  0.045 0.026 0.619 0.310 
456 GB_BH_91400    (0)    6 :  0.058 0.180 0.631 0.132 
457 GB_BH_91405    (0)    6 :  0.012 0.006 0.461 0.521 
458 GB_BH_91431    (0)    6 :  0.006 0.009 0.937 0.048 
459 GB_BH_91432    (0)    6 :  0.020 0.012 0.412 0.556 
460 GB_BH_91439    (0)    6 :  0.023 0.014 0.359 0.604 
461 GB_BH_91447    (0)    6 :  0.012 0.008 0.955 0.025 
462 GB_BH_91523    (0)    6 :  0.013 0.009 0.869 0.109 
463 GB_BH_91527    (0)    6 :  0.149 0.094 0.696 0.060 
464 GB_BH_91529    (0)    6 :  0.033 0.079 0.783 0.106 
465 GB_BH_91530    (0)    6 :  0.007 0.004 0.173 0.817 
466 GB_BH_91531    (0)    6 :  0.022 0.014 0.143 0.820 
467 GB_BH_91532    (0)    6 :  0.007 0.007 0.958 0.027 
468 GB_BH_91533    (3)    6 :  0.048 0.028 0.371 0.553 
469 GB_BH_91535    (0)    6 :  0.012 0.015 0.847 0.126 
470 GB_BH_91536    (0)    6 :  0.014 0.009 0.941 0.037 
471 GB_BH_91537    (0)    6 :  0.005 0.005 0.103 0.887 
472 GB_BH_91538    (0)    6 :  0.013 0.009 0.360 0.618 
473 GB_BH_91539    (0)    6 :  0.510 0.051 0.102 0.338 
474 GB_BH_91541    (0)    6 :  0.008 0.007 0.246 0.740 
475 GB_BH_91542    (0)    6 :  0.019 0.050 0.849 0.081 
476 GB_BH_91543    (0)    6 :  0.022 0.024 0.451 0.503 
477 GB_BH_91544    (0)    6 :  0.347 0.576 0.050 0.028 
478 GB_BH_91591    (0)    6 :  0.075 0.029 0.113 0.782 
479 GB_BH_91598    (0)    6 :  0.005 0.004 0.085 0.906 
480 GB_BH_91602    (0)    6 :  0.145 0.041 0.162 0.652 
481 GB_BH_91604    (0)    6 :  0.075 0.023 0.486 0.417 
482 GB_BH_91611    (0)    6 :  0.019 0.017 0.930 0.034 
483 GB_BH_91623    (3)    6 :  0.093 0.043 0.317 0.547 
484 GB_BH_91624    (0)    6 :  0.007 0.005 0.139 0.849 
485 GB_BH_91630    (0)    6 :  0.005 0.004 0.080 0.911 
486 GB_BH_91631    (0)    6 :  0.075 0.025 0.431 0.470 
487 GB_BH_91632    (0)    6 :  0.012 0.010 0.231 0.747 
488 GB_BH_91635    (0)    6 :  0.008 0.005 0.458 0.529 
489 GB_BH_91650    (0)    6 :  0.069 0.020 0.196 0.715 
490 GB_BH_91657    (0)    6 :  0.165 0.073 0.732 0.030 
491 GB_BH_91658    (0)    6 :  0.085 0.185 0.660 0.071 
492 GB_BH_91676    (0)    6 :  0.004 0.002 0.126 0.867 
493 GB_BH_91677    (0)    6 :  0.015 0.011 0.890 0.085 
494 GB_BH_91683    (3)    6 :  0.043 0.019 0.348 0.589 
495 GB_BH_91686    (0)    6 :  0.007 0.006 0.956 0.031 
496 GB_BH_91691    (0)    6 :  0.025 0.031 0.890 0.054 
497 GB_BH_91695    (0)    6 :  0.013 0.009 0.217 0.760 
498 GB_BH_91696    (0)    6 :  0.026 0.017 0.080 0.877 
499 GB_BH_91697    (0)    6 :  0.040 0.023 0.265 0.671 
500 GB_BH_91699    (0)    6 :  0.051 0.015 0.169 0.765 
501 GB_BH_91702    (0)    6 :  0.017 0.026 0.912 0.045 
502 GB_BH_91705    (0)    6 :  0.237 0.048 0.393 0.321 
503 GB_BH_91720    (0)    6 :  0.053 0.012 0.176 0.759 
504 GB_BH_91722    (0)    6 :  0.308 0.055 0.543 0.095 
505 GB_BH_91724    (0)    6 :  0.566 0.248 0.135 0.051 
506 GB_BH_91737    (0)    6 :  0.008 0.017 0.900 0.075 
507 GB_BH_91752    (0)    6 :  0.011 0.012 0.086 0.890 
508 GB_BH_91756    (0)    6 :  0.039 0.039 0.114 0.808 
509 GB_BH_91765    (0)    6 :  0.008 0.004 0.697 0.291 
510 GB_BH_91765    (0)    6 :  0.009 0.003 0.680 0.307 
511 GB_BH_91768    (0)    6 :  0.029 0.016 0.193 0.762 
512 GB_BH_91772    (0)    6 :  0.021 0.010 0.218 0.751 
513 GB_BH_91774    (0)    6 :  0.019 0.014 0.150 0.817 
514 GB_BH_91778    (0)    6 :  0.020 0.014 0.338 0.628 
515 GB_BH_91782    (0)    6 :  0.018 0.006 0.566 0.411 
516 GB_BH_91786    (0)    6 :  0.013 0.021 0.937 0.029 
517 GB_BH_91789    (6)    6 :  0.095 0.063 0.139 0.703 
518 GB_BH_91789    (0)    6 :  0.070 0.034 0.144 0.753 
519 GJ_BH_01596    (0)    7 :  0.029 0.010 0.629 0.333 
520 GJ_BH_01598   (18)    7 :  0.175 0.146 0.329 0.350 
521 GJ_BH_50281    (0)    7 :  0.007 0.005 0.084 0.903 
522 GJ_BH_50282    (0)    7 :  0.023 0.010 0.278 0.689 
523 GJ_BH_50283    (0)    7 :  0.016 0.017 0.205 0.762 
524 GJ_BH_50284    (0)    7 :  0.007 0.005 0.121 0.867 
525 GJ_BH_50285    (0)    7 :  0.018 0.007 0.546 0.429 
526 GJ_BH_50286    (0)    7 :  0.040 0.032 0.138 0.789 
527 GJ_BH_50287    (0)    7 :  0.128 0.058 0.347 0.468 
528 GJ_BH_50468    (0)    7 :  0.310 0.208 0.124 0.358 
529 GJ_BH_50469    (0)    7 :  0.090 0.069 0.336 0.505 
530 GJ_BH_50470    (0)    7 :  0.008 0.006 0.360 0.626 
531 GJ_BH_50498    (0)    7 :  0.007 0.007 0.950 0.037 
532 GJ_BH_50527    (0)    7 :  0.012 0.011 0.919 0.058 
533 GJ_BH_50528    (0)    7 :  0.018 0.012 0.096 0.874 
534 GJ_BH_50529    (0)    7 :  0.024 0.045 0.885 0.046 
535 GJ_BH_50531    (3)    7 :  0.052 0.127 0.730 0.091 
536 GJ_BH_50532    (0)    7 :  0.017 0.014 0.089 0.880 
537 GJ_BH_51955    (0)    7 :  0.017 0.010 0.283 0.690 
538 GJ_BH_51956    (0)    7 :  0.071 0.017 0.420 0.492 
539 GJ_BH_51957    (0)    7 :  0.020 0.012 0.475 0.492 
540 GJ_BH_51958    (0)    7 :  0.296 0.031 0.360 0.312 
541 GJ_BH_51959    (0)    7 :  0.110 0.029 0.354 0.507 
542 GJ_BH_51960    (9)    7 :  0.058 0.028 0.424 0.490 
543 GJ_BH_90034    (0)    7 :  0.009 0.005 0.167 0.819 
544 GJ_BH_90254    (0)    7 :  0.353 0.125 0.454 0.069 
545 GJ_BH_90255    (0)    7 :  0.016 0.010 0.142 0.832 
546 GJ_BH_90265    (0)    7 :  0.037 0.021 0.640 0.302 
547 GJ_BH_90273    (0)    7 :  0.087 0.033 0.277 0.603 
548 GJ_BH_90292    (0)    7 :  0.005 0.004 0.151 0.840 
549 GJ_BH_90295    (0)    7 :  0.215 0.064 0.675 0.046 
550 GJ_BH_90299    (0)    7 :  0.034 0.017 0.297 0.652 
551 GJ_BH_90300    (0)    7 :  0.866 0.073 0.030 0.032 
552 KB_BH_01737    (0)    8 :  0.014 0.012 0.068 0.906 
553 KB_BH_01789    (0)    8 :  0.007 0.004 0.140 0.849 
554 KB_BH_01806    (0)    8 :  0.009 0.007 0.098 0.887 
555 KB_BH_01809    (3)    8 :  0.066 0.059 0.375 0.500 
556 KB_BH_01810    (0)    8 :  0.010 0.006 0.107 0.877 
557 KB_BH_01814    (0)    8 :  0.049 0.019 0.163 0.769 
558 KB_BH_01816    (0)    8 :  0.007 0.006 0.321 0.666 
559 KB_BH_01818    (0)    8 :  0.298 0.052 0.233 0.416 
560 KB_BH_01825    (6)    8 :  0.007 0.005 0.145 0.843 
561 KB_BH_01835    (6)    8 :  0.005 0.006 0.059 0.930 
562 KB_BH_01838    (0)    8 :  0.024 0.038 0.053 0.885 
563 KB_BH_01845    (6)    8 :  0.227 0.288 0.406 0.079 
564 KB_BH_01852    (0)    8 :  0.032 0.016 0.631 0.321 
565 KB_BH_01860    (0)    8 :  0.004 0.003 0.054 0.940 
566 KB_BH_01862    (0)    8 :  0.009 0.010 0.940 0.041 
567 KB_BH_01922    (3)    8 :  0.029 0.036 0.886 0.049 
568 KB_BH_91204    (0)    8 :  0.095 0.035 0.354 0.517 
569 KB_BH_91208    (0)    8 :  0.117 0.013 0.709 0.162 
570 KB_BH_91209    (0)    8 :  0.012 0.008 0.135 0.845 
571 KB_BH_91213    (0)    8 :  0.183 0.060 0.229 0.528 
572 KB_BH_91215    (0)    8 :  0.006 0.004 0.239 0.751 
573 KB_BH_91216    (0)    8 :  0.022 0.015 0.180 0.782 
574 KB_BH_91219    (0)    8 :  0.006 0.004 0.093 0.897 
575 KB_BH_91221    (0)    8 :  0.005 0.005 0.085 0.905 
576 KB_BH_91223    (0)    8 :  0.006 0.004 0.165 0.825 
577 KB_BH_91224    (3)    8 :  0.006 0.010 0.914 0.071 
578 KB_BH_91227    (0)    8 :  0.005 0.003 0.136 0.855 
579 KB_BH_91231    (0)    8 :  0.005 0.005 0.938 0.053 
580 KB_BH_91233    (0)    8 :  0.006 0.006 0.953 0.034 
581 KB_BH_91238    (0)    8 :  0.201 0.020 0.263 0.517 
582 KB_BH_91241    (0)    8 :  0.090 0.028 0.383 0.499 
583 KB_BH_91254    (0)    8 :  0.058 0.037 0.190 0.716 
584 KB_BH_91260    (0)    8 :  0.016 0.008 0.204 0.773 
585 KB_BH_91268    (0)    8 :  0.009 0.015 0.565 0.411 
586 KB_BH_91277    (0)    8 :  0.009 0.004 0.206 0.780 
587 KB_BH_91279    (0)    8 :  0.108 0.434 0.348 0.110 
588 KB_BH_91280    (0)    8 :  0.030 0.013 0.192 0.765 
589 KB_BH_91282    (0)    8 :  0.018 0.013 0.240 0.729 
590 KB_BH_91289    (0)    8 :  0.040 0.025 0.305 0.630 
591 KB_BH_91310    (0)    8 :  0.064 0.041 0.677 0.218 
592 KB_BH_91316    (0)    8 :  0.007 0.005 0.135 0.853 
593 KB_BH_91317    (0)    8 :  0.017 0.030 0.728 0.225 
594 KB_BH_91318    (0)    8 :  0.007 0.005 0.193 0.795 
595 KB_BH_91325    (0)    8 :  0.072 0.046 0.532 0.350 
596 KB_BH_91329    (0)    8 :  0.005 0.007 0.951 0.036 
597 KB_BH_91332    (0)    8 :  0.010 0.006 0.279 0.704 
598 KB_BH_91333    (0)    8 :  0.055 0.016 0.418 0.510 
599 KB_BH_91335    (0)    8 :  0.016 0.107 0.800 0.077 
600 KB_BH_91359    (0)    8 :  0.018 0.038 0.763 0.181 
601 KB_BH_91360    (0)    8 :  0.017 0.011 0.213 0.759 
602 KB_BH_91366    (0)    8 :  0.007 0.006 0.100 0.888 
603 KB_BH_91368    (0)    8 :  0.013 0.008 0.139 0.839 
604 KB_BH_91370    (0)    8 :  0.012 0.032 0.881 0.076 
605 KB_BH_91371    (0)    8 :  0.025 0.019 0.223 0.733 
606 KB_BH_91373    (0)    8 :  0.006 0.004 0.328 0.662 
607 KB_BH_91374    (0)    8 :  0.005 0.005 0.938 0.052 
608 KB_BH_91375    (0)    8 :  0.005 0.003 0.143 0.848 
609 KB_BH_91377    (0)    8 :  0.024 0.015 0.177 0.784 
610 KB_BH_91378    (0)    8 :  0.430 0.069 0.141 0.361 
611 KB_BH_91379    (0)    8 :  0.013 0.012 0.102 0.873 
612 KB_BH_91380    (0)    8 :  0.027 0.012 0.354 0.607 
613 KB_BH_91381    (0)    8 :  0.083 0.021 0.252 0.643 
614 KB_BH_91384    (0)    8 :  0.013 0.013 0.801 0.173 
615 SK_BH_00670    (0)    9 :  0.050 0.022 0.343 0.585 
616 SK_BH_00729    (0)    9 :  0.013 0.019 0.920 0.048 
617 SK_BH_00730    (0)    9 :  0.027 0.010 0.419 0.544 
618 SK_BH_00732    (0)    9 :  0.008 0.013 0.953 0.026 
619 SK_BH_01301    (0)    9 :  0.083 0.028 0.690 0.199 
620 SK_BH_01302    (0)    9 :  0.008 0.008 0.137 0.848 
621 SK_BH_01303    (0)    9 :  0.004 0.004 0.952 0.039 
622 SK_BH_01304    (0)    9 :  0.020 0.018 0.117 0.845 
623 SK_BH_01305    (0)    9 :  0.043 0.050 0.349 0.559 
624 SK_BH_01306    (0)    9 :  0.007 0.006 0.846 0.141 
625 SK_BH_01307    (0)    9 :  0.008 0.009 0.858 0.125 
626 SK_BH_01308    (0)    9 :  0.017 0.008 0.493 0.482 
627 SK_BH_01309    (0)    9 :  0.010 0.009 0.264 0.718 
628 SK_BH_01310    (0)    9 :  0.018 0.012 0.410 0.561 
629 SK_BH_01311    (0)    9 :  0.005 0.004 0.100 0.891 
630 SK_BH_01313    (0)    9 :  0.006 0.006 0.947 0.041 
631 SK_BH_01314    (0)    9 :  0.010 0.006 0.221 0.763 
632 SK_BH_01315    (0)    9 :  0.133 0.134 0.457 0.275 
633 SK_BH_01316    (3)    9 :  0.012 0.009 0.190 0.788 
634 SK_BH_01317    (0)    9 :  0.059 0.012 0.689 0.241 
635 SK_BH_01319    (0)    9 :  0.023 0.011 0.112 0.855 
636 SK_BH_01648    (0)    9 :  0.009 0.006 0.057 0.928 
637 SK_BH_01649    (0)    9 :  0.006 0.005 0.138 0.851 
638 SK_BH_02352    (0)    9 :  0.008 0.010 0.129 0.853 
639 SK_BH_02353    (0)    9 :  0.017 0.014 0.942 0.027 
640 SK_BH_02354    (0)    9 :  0.011 0.010 0.932 0.047 
641 SK_BH_02355    (0)    9 :  0.014 0.008 0.371 0.607 
642 SK_BH_02356    (0)    9 :  0.014 0.011 0.316 0.658 
643 SK_BH_02357    (0)    9 :  0.012 0.011 0.051 0.926 
644 SK_BH_02358    (0)    9 :  0.008 0.005 0.124 0.862 
645 SK_BH_02359    (0)    9 :  0.011 0.006 0.224 0.759 
646 SK_BH_02360    (0)    9 :  0.012 0.008 0.224 0.756 
647 SK_BH_02361    (0)    9 :  0.007 0.011 0.943 0.040 
648 SK_BH_02362    (0)    9 :  0.010 0.008 0.423 0.559 
649 SK_BH_02363    (0)    9 :  0.017 0.017 0.935 0.031 
650 SK_BH_02365    (0)    9 :  0.184 0.031 0.165 0.621 
651 SK_BH_02366    (0)    9 :  0.007 0.009 0.920 0.065 
652 SK_BH_02367    (0)    9 :  0.474 0.067 0.105 0.354 
653 SK_BH_02369    (0)    9 :  0.010 0.020 0.957 0.014 
654 SK_BH_02370    (0)    9 :  0.113 0.044 0.447 0.396 
655 SK_BH_02371    (0)    9 :  0.026 0.016 0.904 0.054 
656 SK_BH_02372    (0)    9 :  0.052 0.028 0.617 0.302 
657 SK_BH_02373    (0)    9 :  0.008 0.006 0.232 0.754 
658 SK_BH_02477    (0)    9 :  0.012 0.020 0.905 0.062 
659 SK_BH_02478    (0)    9 :  0.007 0.024 0.955 0.013 
660 SK_BH_02479    (0)    9 :  0.008 0.004 0.121 0.867 
661 SK_BH_02480    (0)    9 :  0.009 0.011 0.812 0.169 
662 SK_BH_02481    (0)    9 :  0.006 0.007 0.275 0.713 
663 SK_BH_02482    (0)    9 :  0.017 0.014 0.150 0.819 
664 SK_BH_02483    (0)    9 :  0.435 0.181 0.133 0.251 
665 SK_BH_02484    (0)    9 :  0.012 0.007 0.333 0.649 
666 SK_BH_02485    (0)    9 :  0.033 0.015 0.260 0.692 
667 SK_BH_02486    (0)    9 :  0.009 0.012 0.091 0.889 
668 SK_BH_02492    (0)    9 :  0.008 0.008 0.160 0.824 
669 SK_BH_02493    (0)    9 :  0.022 0.010 0.233 0.735 
670 SK_BH_02494    (0)    9 :  0.005 0.003 0.177 0.815 
671 SK_BH_02496    (0)    9 :  0.204 0.087 0.199 0.510 
672 SK_BH_02497    (0)    9 :  0.019 0.012 0.186 0.783 
673 SK_BH_50049    (0)    9 :  0.013 0.008 0.091 0.888 
674 SK_BH_50050    (0)    9 :  0.063 0.038 0.254 0.645 
675 SK_BH_50051    (0)    9 :  0.010 0.007 0.270 0.713 
676 SK_BH_50052    (0)    9 :  0.209 0.116 0.145 0.530 
677 SK_BH_50054    (0)    9 :  0.007 0.016 0.923 0.054 
678 SK_BH_50055    (0)    9 :  0.011 0.005 0.141 0.843 
679 SK_BH_50059    (0)    9 :  0.008 0.008 0.247 0.737 
680 SK_BH_50096    (0)    9 :  0.007 0.008 0.143 0.842 
681 SK_BH_50097    (0)    9 :  0.123 0.038 0.372 0.467 
682 SK_BH_50098    (0)    9 :  0.007 0.004 0.124 0.865 
683 SK_BH_50101    (0)    9 :  0.006 0.005 0.095 0.894 
684 SK_BH_50103    (0)    9 :  0.060 0.023 0.237 0.680 
685 SK_BH_50104    (0)    9 :  0.008 0.011 0.931 0.051 
686 SK_BH_50112    (0)    9 :  0.005 0.004 0.191 0.801 
687 SK_BH_50122    (0)    9 :  0.067 0.026 0.582 0.326 
688 SK_BH_50136    (0)    9 :  0.010 0.007 0.195 0.788 
689 SK_BH_50141    (0)    9 :  0.064 0.037 0.582 0.317 
690 SK_BH_50150    (0)    9 :  0.015 0.007 0.453 0.525 
691 SK_BH_50152    (0)    9 :  0.027 0.021 0.916 0.035 
692 SK_BH_90075    (0)    9 :  0.007 0.007 0.041 0.946 
693 SK_BH_90076    (0)    9 :  0.022 0.009 0.241 0.729 
694 SK_BH_90077    (0)    9 :  0.013 0.029 0.886 0.073 
695 SK_BH_90086    (0)    9 :  0.014 0.007 0.316 0.663 
696 SK_BH_90106    (0)    9 :  0.031 0.032 0.734 0.203 
697 SK_BH_90122    (0)    9 :  0.011 0.007 0.230 0.752 
698 SK_BH_90161    (0)    9 :  0.014 0.017 0.939 0.029 
699 SK_BH_90165    (3)    9 :  0.009 0.016 0.921 0.054 
700 SK_BH_90166    (0)    9 :  0.005 0.004 0.186 0.805 
701 SK_BH_90170    (0)    9 :  0.055 0.032 0.710 0.203 
702 SK_BH_90171    (0)    9 :  0.016 0.010 0.200 0.775 
703 SK_BH_90181    (0)    9 :  0.414 0.175 0.138 0.273 
704 SK_BH_90193    (0)    9 :  0.113 0.045 0.293 0.549 
705 SK_BH_90194    (0)    9 :  0.177 0.045 0.708 0.071 
706 SK_BH_90198    (0)    9 :  0.195 0.198 0.270 0.336 
707 SK_BH_90201    (0)    9 :  0.016 0.011 0.245 0.728 
708 SK_BH_90223    (0)    9 :  0.011 0.015 0.943 0.031 
709 SK_BH_90224    (0)    9 :  0.005 0.004 0.210 0.780 
710 SK_BH_90231    (0)    9 :  0.015 0.012 0.164 0.809 
711 SK_BH_90253    (0)    9 :  0.038 0.085 0.649 0.228 
712 SK_BH_90257    (0)    9 :  0.020 0.019 0.239 0.722 
713 SK_BH_90259    (0)    9 :  0.007 0.004 0.153 0.836 
