        Label (%Miss) Pop:  Inferred clusters
  1 BD_BH_90997    (0)    1 :  0.649 0.064 0.287 
  2 BR_BH_00385    (0)    2 :  0.105 0.008 0.886 
  3 BR_BH_00391    (6)    2 :  0.768 0.024 0.208 
  4 BR_BH_00398    (3)    2 :  0.958 0.009 0.033 
  5 BR_BH_00405    (0)    2 :  0.936 0.016 0.047 
  6 BR_BH_00411    (3)    2 :  0.945 0.008 0.047 
  7 BR_BH_51614    (3)    2 :  0.817 0.022 0.161 
  8 BR_BH_91585    (0)    2 :  0.015 0.009 0.976 
  9 BR_BH_91588    (3)    2 :  0.553 0.024 0.423 
 10 BR_BH_92990    (0)    2 :  0.938 0.009 0.052 
 11 BR_BH_93007    (0)    2 :  0.954 0.006 0.040 
 12 BR_BH_93047    (0)    2 :  0.900 0.008 0.093 
 13 BR_BH_93048    (0)    2 :  0.961 0.017 0.022 
 14 BR_BH_93097    (0)    2 :  0.961 0.023 0.016 
 15 BR_BH_93109    (0)    2 :  0.059 0.017 0.924 
 16 BR_BH_93114    (0)    2 :  0.957 0.022 0.020 
 17 BR_BH_93116    (0)    2 :  0.966 0.022 0.013 
 18 BR_BH_93132    (0)    2 :  0.851 0.032 0.117 
 19 BR_BH_93178    (0)    2 :  0.859 0.010 0.131 
 20 BG_BH_01555    (0)    3 :  0.037 0.896 0.067 
 21 BG_BH_01560    (0)    3 :  0.089 0.849 0.062 
 22 BG_BH_01567    (0)    3 :  0.113 0.742 0.145 
 23 BG_BH_01569    (0)    3 :  0.338 0.636 0.026 
 24 BG_BH_01570    (9)    3 :  0.047 0.868 0.084 
 25 BG_BH_01571    (0)    3 :  0.053 0.685 0.262 
 26 BG_BH_01576    (0)    3 :  0.031 0.851 0.118 
 27 BG_BH_01580    (0)    3 :  0.012 0.969 0.018 
 28 BG_BH_01717    (6)    3 :  0.048 0.934 0.018 
 29 BG_BH_01722    (3)    3 :  0.036 0.430 0.534 
 30 BG_BH_01846   (12)    3 :  0.040 0.918 0.043 
 31 GB_BH_00750    (0)    4 :  0.057 0.010 0.932 
 32 GB_BH_01882    (0)    4 :  0.015 0.959 0.026 
 33 GB_BH_01883    (6)    4 :  0.020 0.967 0.013 
 34 GB_BH_01885    (0)    4 :  0.030 0.913 0.057 
 35 GB_BH_01889    (0)    4 :  0.073 0.872 0.055 
 36 GB_BH_01891    (0)    4 :  0.140 0.422 0.437 
 37 GB_BH_01892    (0)    4 :  0.010 0.980 0.009 
 38 GB_BH_01893    (0)    4 :  0.010 0.975 0.015 
 39 GB_BH_01897    (0)    4 :  0.026 0.956 0.019 
 40 GB_BH_01898    (0)    4 :  0.026 0.922 0.052 
 41 GB_BH_01899    (0)    4 :  0.008 0.982 0.010 
 42 GB_BH_01900    (0)    4 :  0.014 0.967 0.019 
 43 GB_BH_01902    (0)    4 :  0.031 0.927 0.041 
 44 GB_BH_01904    (0)    4 :  0.149 0.533 0.318 
 45 GJ_BH_01596    (0)    5 :  0.018 0.949 0.033 
 46 GJ_BH_01598   (18)    5 :  0.186 0.637 0.177 
 47 KB_BH_01737    (0)    6 :  0.024 0.937 0.038 
 48 KB_BH_01789    (0)    6 :  0.006 0.985 0.009 
 49 KB_BH_01809    (3)    6 :  0.130 0.814 0.056 
 50 KB_BH_01814    (0)    6 :  0.036 0.894 0.071 
 51 KB_BH_01835    (6)    6 :  0.010 0.981 0.009 
 52 KB_BH_01860    (0)    6 :  0.005 0.989 0.006 
 53 KB_BH_01922    (3)    6 :  0.090 0.872 0.037 
 54 SK_BH_00670    (0)    7 :  0.028 0.932 0.040 
 55 SK_BH_00729    (0)    7 :  0.077 0.893 0.030 
 56 SK_BH_00730    (0)    7 :  0.015 0.958 0.027 
 57 SK_BH_00732    (0)    7 :  0.049 0.927 0.024 
 58 SK_BH_90307    (0)    7 :  0.051 0.934 0.015 
 59 KJ_BH_01588    (0)    8 :  0.042 0.905 0.053 
 60 N_BH_90910    (0)    9 :  0.895 0.025 0.080 
 61 N_BH_91117    (0)    9 :  0.912 0.068 0.020 
 62 N_BH_91328    (0)    9 :  0.965 0.008 0.027 
 63 PR_BH_00355    (0)   10 :  0.905 0.007 0.089 
 64 PR_BH_00424    (0)   10 :  0.645 0.031 0.324 
 65 SB_BH_01713    (0)   11 :  0.032 0.948 0.020 
 66 SB_BH_01719   (15)   11 :  0.021 0.518 0.461 
 67 SB_BH_01731    (3)   11 :  0.045 0.766 0.189 
 68 SB_BH_01738    (0)   11 :  0.012 0.978 0.010 
 69 SB_BH_01802   (12)   11 :  0.020 0.906 0.073 
 70 SB_BH_01803    (9)   11 :  0.030 0.903 0.067 
 71 SB_BH_01812    (0)   11 :  0.009 0.984 0.008 
 72 SB_BH_01867    (0)   11 :  0.027 0.956 0.016 
 73 SB_BH_01868    (0)   11 :  0.013 0.962 0.026 
 74 SB_BH_01869    (0)   11 :  0.010 0.980 0.010 
 75 SB_BH_01906    (6)   11 :  0.053 0.917 0.030 
 76 SE_BH_90928    (0)   12 :  0.042 0.017 0.940 
 77 SE_BH_90946    (0)   12 :  0.017 0.730 0.254 
 78 SE_BH_90970    (0)   12 :  0.041 0.008 0.950 
 79 SE_BH_90981   (15)   12 :  0.178 0.036 0.786 
 80 SE_BH_91054    (0)   12 :  0.033 0.459 0.509 
 81 SE_BH_91534    (0)   12 :  0.049 0.041 0.910 
 82 SE_BH_91570    (0)   12 :  0.129 0.007 0.864 
 83 SE_BH_92993    (0)   12 :  0.021 0.091 0.888 
 84 SE_BH_92996    (0)   12 :  0.101 0.012 0.887 
 85 SE_BH_93002    (0)   12 :  0.648 0.099 0.254 
 86 SE_BH_93003    (0)   12 :  0.955 0.014 0.031 
 87 SE_BH_93005    (3)   12 :  0.084 0.831 0.085 
 88 SE_BH_93015    (0)   12 :  0.141 0.007 0.852 
 89 SE_BH_93143    (0)   12 :  0.086 0.011 0.904 
 90 SE_BH_93152    (0)   12 :  0.223 0.013 0.765 
 91 SE_BH_93170    (0)   12 :  0.019 0.950 0.031 
 92 SE_BH_93172    (0)   12 :  0.062 0.022 0.916 
 93 WB_BH_00681    (0)   13 :  0.021 0.967 0.013 
 94 WB_BH_00685    (0)   13 :  0.008 0.983 0.009 
 95 WB_BH_00689    (0)   13 :  0.016 0.976 0.008 
 96 WB_BH_00696    (0)   13 :  0.006 0.988 0.006 
 97 WB_BH_01585    (0)   13 :  0.016 0.953 0.031 
 98 WB_BH_01594    (0)   13 :  0.024 0.965 0.011 
 99 WB_BH_01595    (0)   13 :  0.019 0.955 0.027 
100 Z_BH_91053    (0)   14 :  0.055 0.040 0.905 
101 Z_BH_91068    (0)   14 :  0.028 0.049 0.923 