ID,cluster1,cluster2,cluster3,cluster4,waterbody,Lat,Long,Sample_Origin
BH-90997,0.68,0.255,0.045,0.02,Badendycksgraben,,,BODDENHECHT
BH-00373,0.075,0.846,0.038,0.041,Barthe,,,BODDENHECHT
BH-00374,0.023,0.966,0.005,0.005,Barthe,,,BODDENHECHT
BH-00375,0.019,0.965,0.009,0.007,Barthe,,,BODDENHECHT
BH-00376,0.006,0.988,0.003,0.003,Barthe,,,BODDENHECHT
BH-00377,0.013,0.964,0.013,0.01,Barthe,,,BODDENHECHT
BH-00378,0.577,0.409,0.006,0.008,Barthe,,,BODDENHECHT
BH-00379,0.256,0.717,0.014,0.013,Barthe,,,BODDENHECHT
BH-00381,0.079,0.901,0.009,0.011,Barthe,,,BODDENHECHT
BH-00382,0.022,0.969,0.005,0.005,Barthe,,,BODDENHECHT
BH-00383,0.01,0.982,0.004,0.004,Barthe,,,BODDENHECHT
BH-00384,0.045,0.943,0.007,0.005,Barthe,,,BODDENHECHT
BH-00385,0.285,0.704,0.005,0.006,Barthe,,,BODDENHECHT
BH-00391,0.092,0.878,0.015,0.015,Barthe,54.319417,12.699083,BODDENHECHT
BH-00394,0.091,0.872,0.018,0.019,Barthe,54.319417,12.699083,BODDENHECHT
BH-00395,0.013,0.931,0.038,0.018,Barthe,54.319417,12.699083,BODDENHECHT
BH-00397,0.025,0.966,0.005,0.005,Barthe,54.319417,12.699083,BODDENHECHT
BH-00398,0.014,0.973,0.007,0.006,Barthe,54.319417,12.699083,BODDENHECHT
BH-00399,0.688,0.285,0.012,0.015,Barthe,54.319417,12.699083,BODDENHECHT
BH-00400,0.01,0.939,0.035,0.016,Barthe,54.319417,12.699083,BODDENHECHT
BH-00401,0.033,0.954,0.007,0.006,Barthe,54.319417,12.699083,BODDENHECHT
BH-00402,0.021,0.968,0.006,0.006,Barthe,54.319417,12.699083,BODDENHECHT
BH-00403,0.01,0.981,0.005,0.004,Barthe,54.319417,12.699083,BODDENHECHT
BH-00405,0.034,0.944,0.012,0.01,Barthe,54.319417,12.699083,BODDENHECHT
BH-00406,0.01,0.983,0.003,0.003,Barthe,54.33804,12.685291,BODDENHECHT
BH-00407,0.01,0.97,0.012,0.008,Barthe,54.33804,12.685291,BODDENHECHT
BH-00408,0.019,0.975,0.003,0.003,Barthe,54.33804,12.685291,BODDENHECHT
BH-00409,0.023,0.953,0.016,0.009,Barthe,54.33804,12.685291,BODDENHECHT
BH-00410,0.011,0.983,0.003,0.003,Barthe,54.33804,12.685291,BODDENHECHT
BH-00411,0.013,0.978,0.005,0.004,Barthe,54.33804,12.685291,BODDENHECHT
BH-00412,0.017,0.972,0.006,0.005,Barthe,54.33804,12.685291,BODDENHECHT
BH-00722,0.045,0.945,0.005,0.005,Barthe,,,BODDENHECHT
BH-00723,0.302,0.678,0.01,0.01,Barthe,,,BODDENHECHT
BH-00724,0.011,0.98,0.005,0.004,Barthe,,,BODDENHECHT
BH-00725,0.044,0.932,0.013,0.011,Barthe,,,BODDENHECHT
BH-00726,0.806,0.179,0.007,0.008,Barthe,,,BODDENHECHT
BH-00727,0.009,0.965,0.016,0.01,Barthe,,,BODDENHECHT
BH-00728,0.27,0.699,0.012,0.018,Barthe,,,BODDENHECHT
BH-51614,0.032,0.95,0.008,0.011,BAT,54.37208,12.67767,BODDENHECHT
BH-51614,0.032,0.95,0.008,0.011,Barthe,54.36602,12.68762,BODDENHECHT
BH-90002,0.017,0.01,0.065,0.909,BEG,,,BODDENHECHT
BH-90052,0.02,0.961,0.009,0.01,Barthe,,,BODDENHECHT
BH-90053,0.025,0.963,0.006,0.006,Barthe,,,BODDENHECHT
BH-90093,0.016,0.961,0.013,0.01,Barthe,,,BODDENHECHT
BH-90306,0.064,0.927,0.004,0.004,Barthe,54.29974,12.72818,BODDENHECHT
BH-90306,0.064,0.927,0.004,0.004,BAT,,,BODDENHECHT
BH-90314,0.248,0.713,0.018,0.021,Barthe,54.29974,12.72818,BODDENHECHT
BH-90322,0.512,0.458,0.014,0.015,Barthe,54.29974,12.72818,BODDENHECHT
BH-90330,0.017,0.965,0.01,0.009,Barthe,54.29974,12.72818,BODDENHECHT
BH-90351,0.331,0.641,0.012,0.016,Barthe,54.29974,12.72818,BODDENHECHT
BH-90353,0.023,0.963,0.007,0.007,Barthe,54.29974,12.72818,BODDENHECHT
BH-90356,0.032,0.939,0.016,0.013,Barthe,54.29974,12.72818,BODDENHECHT
BH-90364,0.04,0.933,0.016,0.012,Barthe,54.29974,12.72818,BODDENHECHT
BH-90366,0.018,0.961,0.012,0.008,Barthe,54.29974,12.72818,BODDENHECHT
BH-90381,0.038,0.953,0.005,0.005,Barthe,54.29974,12.72818,BODDENHECHT
BH-90392,0.039,0.899,0.037,0.025,Barthe,54.29974,12.72818,BODDENHECHT
BH-90394,0.069,0.904,0.015,0.011,Barthe,54.29974,12.72818,BODDENHECHT
BH-91091,0.105,0.884,0.005,0.005,Barthe,,,BODDENHECHT
BH-91091,0.105,0.884,0.005,0.005,Barthe,54.3274,12.6931,BODDENHECHT
BH-91101,0.039,0.932,0.015,0.014,Barthe,,,BODDENHECHT
BH-91102,0.025,0.952,0.012,0.011,Barthe,,,BODDENHECHT
BH-91107,0.147,0.832,0.01,0.011,Barthe,,,BODDENHECHT
BH-91110,0.026,0.951,0.012,0.011,Barthe,,,BODDENHECHT
BH-91115,0.012,0.979,0.004,0.004,Barthe,,,BODDENHECHT
BH-91122,0.011,0.978,0.006,0.005,Barthe,,,BODDENHECHT
BH-91123,0.018,0.971,0.006,0.005,Barthe,,,BODDENHECHT
BH-91124,0.015,0.979,0.004,0.003,Barthe,,,BODDENHECHT
BH-91127,0.16,0.808,0.014,0.018,Barthe,,,BODDENHECHT
BH-91127,0.16,0.808,0.014,0.018,Barthe,54.3238,12.6956,BODDENHECHT
BH-91128,0.169,0.775,0.028,0.028,Barthe,,,BODDENHECHT
BH-91129,0.016,0.964,0.012,0.007,Barthe,,,BODDENHECHT
BH-91134,0.009,0.984,0.004,0.003,Barthe,,,BODDENHECHT
BH-91135,0.017,0.967,0.008,0.008,Barthe,,,BODDENHECHT
BH-91137,0.647,0.329,0.011,0.013,Barthe,,,BODDENHECHT
BH-91138,0.502,0.47,0.012,0.016,Barthe,,,BODDENHECHT
BH-91143,0.033,0.95,0.009,0.009,Barthe,,,BODDENHECHT
BH-91145,0.042,0.931,0.014,0.013,Barthe,,,BODDENHECHT
BH-91145,0.042,0.931,0.014,0.013,Barthe,54.33628,12.68659,BODDENHECHT
BH-91146,0.008,0.006,0.132,0.854,Barthe,,,BODDENHECHT
BH-91150,0.032,0.954,0.007,0.007,Barthe,,,BODDENHECHT
BH-91155,0.101,0.867,0.012,0.02,Barthe,,,BODDENHECHT
BH-91176,0.902,0.076,0.012,0.011,Barthe,,,BODDENHECHT
BH-91178,0.174,0.774,0.028,0.025,Barthe,,,BODDENHECHT
BH-91178,0.174,0.774,0.028,0.025,Barthe,54.36592,12.68755,BODDENHECHT
BH-91178,0.174,0.774,0.028,0.025,BAT,54.3768,12.6855,BODDENHECHT
BH-91183,0.189,0.788,0.01,0.013,Barthe,,,BODDENHECHT
BH-91187,0.016,0.978,0.003,0.003,Barthe,,,BODDENHECHT
BH-91514,0.028,0.947,0.014,0.012,Barthe,54.36592,12.68755,BODDENHECHT
BH-91525,0.023,0.969,0.004,0.003,Barthe,54.36592,12.68755,BODDENHECHT
BH-91550,0.036,0.952,0.007,0.006,Barthe,54.36592,12.68755,BODDENHECHT
BH-91558,0.026,0.917,0.032,0.025,Barthe,54.36592,12.68755,BODDENHECHT
BH-91559,0.121,0.85,0.016,0.014,Barthe,54.36592,12.68755,BODDENHECHT
BH-91561,0.013,0.979,0.004,0.004,Barthe,54.36592,12.68755,BODDENHECHT
BH-91561,0.013,0.979,0.004,0.004,BAT,54.40055,12.68992,BODDENHECHT
BH-91561,0.013,0.979,0.004,0.004,BAT,54.4,12.6903,BODDENHECHT
BH-91563,0.128,0.86,0.006,0.006,Barthe,54.36592,12.68755,BODDENHECHT
BH-91566,0.033,0.958,0.005,0.004,Barthe,54.36592,12.68755,BODDENHECHT
BH-91585,0.979,0.011,0.005,0.005,Barthe,54.35199,12.68648,BODDENHECHT
BH-91588,0.241,0.728,0.014,0.017,Barthe,54.35199,12.68648,BODDENHECHT
BH-92990,0.017,0.972,0.006,0.005,Barthe,54.36602,12.68762,BODDENHECHT
BH-92997,0.025,0.963,0.006,0.006,Barthe,54.32037,12.69813,BODDENHECHT
BH-93007,0.013,0.981,0.003,0.003,Barthe,54.36602,12.68762,BODDENHECHT
BH-93009,0.078,0.909,0.006,0.007,Barthe,54.32037,12.69813,BODDENHECHT
BH-93013,0.431,0.553,0.008,0.009,Barthe,54.32037,12.69813,BODDENHECHT
BH-93014,0.164,0.821,0.007,0.007,Barthe,54.32037,12.69813,BODDENHECHT
BH-93047,0.033,0.958,0.004,0.005,Barthe,54.33628,12.68659,BODDENHECHT
BH-93048,0.056,0.898,0.028,0.018,Barthe,54.33628,12.68659,BODDENHECHT
BH-93050,0.144,0.767,0.052,0.037,Barthe,54.33628,12.68659,BODDENHECHT
BH-93051,0.007,0.98,0.008,0.005,Barthe,54.32037,12.69813,BODDENHECHT
BH-93053,0.544,0.408,0.024,0.024,Barthe,54.33628,12.68659,BODDENHECHT
BH-93060,0.442,0.506,0.025,0.026,Barthe,54.33628,12.68659,BODDENHECHT
BH-93064,0.106,0.698,0.132,0.063,Barthe,54.33628,12.68659,BODDENHECHT
BH-93065,0.723,0.153,0.057,0.067,Barthe,54.33628,12.68659,BODDENHECHT
BH-93067,0.031,0.93,0.016,0.023,Barthe,54.33628,12.68659,BODDENHECHT
BH-93075,0.072,0.89,0.023,0.015,Barthe,54.33628,12.68659,BODDENHECHT
BH-93076,0.027,0.963,0.006,0.004,Barthe,54.33628,12.68659,BODDENHECHT
BH-93084,0.047,0.94,0.006,0.007,Barthe,54.33628,12.68659,BODDENHECHT
BH-93085,0.017,0.968,0.008,0.007,Barthe,54.33628,12.68659,BODDENHECHT
BH-93091,0.009,0.979,0.006,0.006,Barthe,54.33628,12.68659,BODDENHECHT
BH-93092,0.011,0.977,0.006,0.006,Barthe,54.32037,12.69813,BODDENHECHT
BH-93093,0.875,0.103,0.011,0.011,Barthe,54.33628,12.68659,BODDENHECHT
BH-93096,0.012,0.975,0.006,0.007,Barthe,54.33628,12.68659,BODDENHECHT
BH-93097,0.011,0.939,0.033,0.017,Barthe,54.36602,12.68762,BODDENHECHT
BH-93099,0.023,0.961,0.009,0.007,Barthe,54.33628,12.68659,BODDENHECHT
BH-93106,0.013,0.971,0.008,0.008,Barthe,54.32037,12.69813,BODDENHECHT
BH-93108,0.015,0.966,0.009,0.009,Barthe,54.32037,12.69813,BODDENHECHT
BH-93109,0.885,0.098,0.008,0.009,Barthe,54.33628,12.68659,BODDENHECHT
BH-93112,0.01,0.983,0.004,0.003,Barthe,54.33628,12.68659,BODDENHECHT
BH-93114,0.065,0.869,0.04,0.026,Barthe,54.36602,12.68762,BODDENHECHT
BH-93116,0.029,0.914,0.034,0.023,Barthe,54.36602,12.68762,BODDENHECHT
BH-93117,0.142,0.838,0.01,0.01,Barthe,54.33628,12.68659,BODDENHECHT
BH-93122,0.244,0.744,0.006,0.006,Barthe,54.33628,12.68659,BODDENHECHT
BH-93130,0.854,0.132,0.007,0.008,Barthe,54.33628,12.68659,BODDENHECHT
BH-93131,0.011,0.979,0.006,0.004,Barthe,54.33628,12.68659,BODDENHECHT
BH-93132,0.268,0.692,0.018,0.023,Barthe,54.36602,12.68762,BODDENHECHT
BH-93133,0.48,0.502,0.01,0.008,Barthe,54.33628,12.68659,BODDENHECHT
BH-93136,0.013,0.977,0.005,0.004,Barthe,54.33628,12.68659,BODDENHECHT
BH-93137,0.011,0.982,0.003,0.003,Barthe,54.33628,12.68659,BODDENHECHT
BH-93138,0.071,0.9,0.016,0.013,Barthe,54.33628,12.68659,BODDENHECHT
BH-93140,0.169,0.819,0.006,0.006,Barthe,54.32037,12.69813,BODDENHECHT
BH-93145,0.017,0.963,0.012,0.009,Barthe,54.32037,12.69813,BODDENHECHT
BH-93147,0.314,0.611,0.05,0.025,Barthe,54.32037,12.69813,BODDENHECHT
BH-93148,0.011,0.967,0.013,0.009,Barthe,54.33628,12.68659,BODDENHECHT
BH-93151,0.047,0.895,0.034,0.024,Barthe,54.33628,12.68659,BODDENHECHT
BH-93153,0.011,0.976,0.007,0.006,Barthe,54.33628,12.68659,BODDENHECHT
BH-93154,0.012,0.977,0.005,0.005,Barthe,54.33628,12.68659,BODDENHECHT
BH-93154,0.012,0.977,0.005,0.005,BAT,54.37629,12.68363,BODDENHECHT
BH-93155,0.008,0.977,0.009,0.006,Barthe,54.33628,12.68659,BODDENHECHT
BH-93178,0.053,0.934,0.006,0.006,Barthe,54.36602,12.68762,BODDENHECHT
BH-93194,0.033,0.953,0.008,0.006,Barthe,54.33628,12.68659,BODDENHECHT
BH-00251,0.34,0.124,0.258,0.278,BAT,,,BODDENHECHT
BH-00252,0.012,0.01,0.084,0.894,BAT,,,BODDENHECHT
BH-00253,0.018,0.05,0.212,0.72,BAT,,,BODDENHECHT
BH-00254,0.668,0.291,0.025,0.015,BAT,,,BODDENHECHT
BH-00255,0.008,0.012,0.907,0.072,BAT,,,BODDENHECHT
BH-00256,0.009,0.007,0.333,0.65,BAT,,,BODDENHECHT
BH-00257,0.01,0.012,0.936,0.042,BAT,,,BODDENHECHT
BH-00258,0.006,0.004,0.245,0.745,BAT,,,BODDENHECHT
BH-00259,0.032,0.014,0.555,0.399,BAT,,,BODDENHECHT
BH-00260,0.011,0.017,0.927,0.045,BAT,,,BODDENHECHT
BH-00261,0.01,0.007,0.114,0.87,BAT,,,BODDENHECHT
BH-00262,0.07,0.15,0.627,0.153,BAT,,,BODDENHECHT
BH-00263,0.008,0.012,0.808,0.172,BAT,,,BODDENHECHT
BH-00264,0.019,0.012,0.349,0.619,BAT,,,BODDENHECHT
BH-00275,0.008,0.006,0.241,0.745,BAT,,,BODDENHECHT
BH-00276,0.013,0.02,0.92,0.048,BAT,,,BODDENHECHT
BH-00277,0.004,0.003,0.892,0.101,BAT,,,BODDENHECHT
BH-00278,0.003,0.003,0.194,0.801,BAT,,,BODDENHECHT
BH-00279,0.003,0.002,0.141,0.853,BAT,,,BODDENHECHT
BH-00281,0.04,0.053,0.859,0.048,BAT,,,BODDENHECHT
BH-00283,0.01,0.007,0.454,0.53,BAT,,,BODDENHECHT
BH-00288,0.049,0.025,0.121,0.805,BAT,,,BODDENHECHT
BH-00289,0.041,0.006,0.691,0.262,BAT,,,BODDENHECHT
BH-00290,0.151,0.071,0.65,0.128,BAT,,,BODDENHECHT
BH-00291,0.004,0.003,0.084,0.909,BAT,,,BODDENHECHT
BH-00292,0.032,0.011,0.511,0.445,BAT,,,BODDENHECHT
BH-00293,0.343,0.195,0.144,0.318,BAT,,,BODDENHECHT
BH-00299,0.415,0.048,0.285,0.251,BAT,,,BODDENHECHT
BH-00300,0.038,0.009,0.494,0.459,BAT,,,BODDENHECHT
BH-00652,0.102,0.075,0.458,0.365,BAT,,,BODDENHECHT
BH-00653,0.013,0.012,0.063,0.911,BAT,,,BODDENHECHT
BH-00734,0.698,0.038,0.135,0.129,BAT,,,BODDENHECHT
BH-00738,0.011,0.01,0.131,0.848,BAT,,,BODDENHECHT
BH-00743,0.429,0.183,0.136,0.252,BAT,,,BODDENHECHT
BH-00746,0.058,0.018,0.344,0.58,BAT,,,BODDENHECHT
BH-01480,0.005,0.003,0.112,0.88,BAT,,,BODDENHECHT
BH-01480,0.005,0.003,0.112,0.88,KB,54.4046,13.1904,BODDENHECHT
BH-01481,0.157,0.021,0.413,0.409,BAT,,,BODDENHECHT
BH-01482,0.007,0.004,0.23,0.759,BAT,,,BODDENHECHT
BH-01670,0.011,0.012,0.923,0.053,BAT,,,BODDENHECHT
BH-01672,0.09,0.349,0.41,0.152,BAT,,,BODDENHECHT
BH-01672,0.09,0.349,0.41,0.152,BAT,54.4381,13.0001,BODDENHECHT
BH-01673,0.016,0.01,0.396,0.579,BAT,,,BODDENHECHT
BH-01674,0.107,0.279,0.252,0.362,BAT,,,BODDENHECHT
BH-01675,0.032,0.029,0.262,0.677,BAT,,,BODDENHECHT
BH-01676,0.009,0.007,0.216,0.767,BAT,,,BODDENHECHT
BH-01677,0.009,0.01,0.074,0.907,BAT,,,BODDENHECHT
BH-01677,0.009,0.01,0.074,0.907,BAT,54.41857,12.94958,BODDENHECHT
BH-01678,0.007,0.007,0.132,0.854,BAT,,,BODDENHECHT
BH-01679,0.223,0.023,0.538,0.215,BAT,,,BODDENHECHT
BH-01680,0.031,0.02,0.825,0.124,BAT,,,BODDENHECHT
BH-01681,0.017,0.007,0.251,0.725,BAT,,,BODDENHECHT
BH-01682,0.463,0.512,0.016,0.009,BAT,,,BODDENHECHT
BH-01685,0.008,0.006,0.109,0.877,BAT,,,BODDENHECHT
BH-01686,0.015,0.027,0.926,0.032,BAT,,,BODDENHECHT
BH-01686,0.015,0.027,0.926,0.032,BAT,54.4164,12.9312,BODDENHECHT
BH-01687,0.215,0.031,0.473,0.281,BAT,,,BODDENHECHT
BH-01687,0.215,0.031,0.473,0.281,BAT,54.40547,12.90697,BODDENHECHT
BH-01688,0.045,0.017,0.235,0.703,BAT,,,BODDENHECHT
BH-01909,0.141,0.1,0.305,0.455,BAT,,,BODDENHECHT
BH-01910,0.273,0.227,0.445,0.054,BAT,,,BODDENHECHT
BH-01911,0.032,0.055,0.818,0.095,BAT,,,BODDENHECHT
BH-01912,0.009,0.035,0.925,0.03,BAT,,,BODDENHECHT
BH-01913,0.587,0.06,0.209,0.144,BAT,,,BODDENHECHT
BH-01914,0.661,0.064,0.103,0.173,BAT,,,BODDENHECHT
BH-01915,0.072,0.025,0.301,0.601,BAT,,,BODDENHECHT
BH-01916,0.087,0.127,0.238,0.548,BAT,,,BODDENHECHT
BH-01916,0.087,0.127,0.238,0.548,BAT,,,BODDENHECHT
BH-01917,0.238,0.104,0.234,0.424,BAT,,,BODDENHECHT
BH-01918,0.037,0.029,0.902,0.032,BAT,,,BODDENHECHT
BH-02368,0.026,0.015,0.105,0.854,BAT,54.39738,12.76652,BODDENHECHT
BH-50011,0.689,0.176,0.07,0.065,BAT,,,BODDENHECHT
BH-50011,0.689,0.176,0.07,0.065,BAT,54.3714,12.68455,BODDENHECHT
BH-51007,0.046,0.044,0.878,0.032,BAT,,,BODDENHECHT
BH-51007,0.046,0.044,0.878,0.032,BAT,54.3919,12.8941,BODDENHECHT
BH-51008,0.04,0.082,0.853,0.024,BAT,,,BODDENHECHT
BH-51009,0.53,0.107,0.17,0.193,BAT,,,BODDENHECHT
BH-51105,0.008,0.005,0.46,0.527,BAT,54.4191,12.92727,BODDENHECHT
BH-51106,0.008,0.006,0.096,0.891,BAT,54.42147,12.92075,BODDENHECHT
BH-51106,0.008,0.006,0.096,0.891,BAT,54.43837,12.94553,BODDENHECHT
BH-51107,0.005,0.004,0.214,0.777,BAT,54.4189,12.92595,BODDENHECHT
BH-51107,0.005,0.004,0.214,0.777,KB,54.45131,13.19787,BODDENHECHT
BH-51108,0.092,0.044,0.076,0.787,BAT,54.42143,12.93747,BODDENHECHT
BH-51109,0.018,0.008,0.114,0.86,BAT,54.42162,12.93812,BODDENHECHT
BH-51112,0.009,0.009,0.936,0.046,BAT,54.40945,12.90783,BODDENHECHT
BH-51113,0.009,0.004,0.14,0.847,BAT,54.40917,12.90733,BODDENHECHT
BH-51114,0.435,0.12,0.313,0.131,BAT,54.40477,12.90383,BODDENHECHT
BH-51115,0.169,0.058,0.268,0.505,BAT,54.40477,12.93737,BODDENHECHT
BH-51124,0.007,0.006,0.971,0.015,BAT,54.43045,12.98235,BODDENHECHT
BH-51125,0.005,0.005,0.166,0.824,BAT,54.40488,13.04517,BODDENHECHT
BH-51125,0.005,0.005,0.166,0.824,SB,54.50645,13.17053,BODDENHECHT
BH-51127,0.008,0.007,0.067,0.917,BAT,54.43083,12.98908,BODDENHECHT
BH-51127,0.008,0.007,0.067,0.917,BAT,54.41708,12.92583,BODDENHECHT
BH-51129,0.005,0.004,0.144,0.847,BAT,54.43153,12.98837,BODDENHECHT
BH-51130,0.032,0.048,0.577,0.343,BAT,54.43162,12.98908,BODDENHECHT
BH-51131,0.007,0.007,0.951,0.035,BAT,54.4314,12.98492,BODDENHECHT
BH-51132,0.192,0.115,0.191,0.501,BAT,54.43012,12.98802,BODDENHECHT
BH-51133,0.103,0.049,0.429,0.419,BAT,54.43003,12.98677,BODDENHECHT
BH-51133,0.103,0.049,0.429,0.419,BAT,54.42133,12.91913,BODDENHECHT
BH-51134,0.358,0.113,0.354,0.176,BAT,54.4201,12.93278,BODDENHECHT
BH-51135,0.016,0.02,0.923,0.041,BAT,54.40493,12.8941,BODDENHECHT
BH-51136,0.007,0.014,0.929,0.049,BAT,54.40473,12.89363,BODDENHECHT
BH-51246,0.565,0.12,0.182,0.133,BAT,54.40757,12.91013,BODDENHECHT
BH-51246,0.565,0.12,0.182,0.133,Graben_Grosses_Holz,54.39825,12.89707,BODDENHECHT
BH-51246,0.565,0.12,0.182,0.133,BAT,54.39892,12.89407,BODDENHECHT
BH-51246,0.565,0.12,0.182,0.133,Graben_Grosses_Holz,54.39827,12.89709,BODDENHECHT
BH-51397,0.017,0.009,0.303,0.672,BAT,54.40473,12.89723,BODDENHECHT
BH-51397,0.017,0.009,0.303,0.672,BAT,54.43612,12.94371,BODDENHECHT
BH-90063,0.013,0.009,0.178,0.8,BAT,,,BODDENHECHT
BH-90082,0.031,0.023,0.403,0.544,BAT,,,BODDENHECHT
BH-90084,0.016,0.009,0.079,0.897,BAT,,,BODDENHECHT
BH-90095,0.043,0.03,0.458,0.469,BAT,,,BODDENHECHT
BH-90098,0.01,0.011,0.185,0.794,BAT,,,BODDENHECHT
BH-90100,0.122,0.066,0.363,0.449,BAT,,,BODDENHECHT
BH-90102,0.036,0.036,0.3,0.628,BAT,,,BODDENHECHT
BH-90102,0.036,0.036,0.3,0.628,BAT,,,BODDENHECHT
BH-90108,0.02,0.014,0.288,0.678,BAT,,,BODDENHECHT
BH-90117,0.046,0.029,0.426,0.499,BAT,,,BODDENHECHT
BH-90120,0.008,0.005,0.269,0.719,BAT,,,BODDENHECHT
BH-90120,0.008,0.005,0.269,0.719,BAT,,,BODDENHECHT
BH-90124,0.007,0.005,0.121,0.867,BAT,,,BODDENHECHT
BH-90127,0.207,0.068,0.34,0.384,BAT,,,BODDENHECHT
BH-90130,0.006,0.01,0.956,0.028,BAT,,,BODDENHECHT
BH-90130,0.006,0.01,0.956,0.028,BAT,,,BODDENHECHT
BH-90130,0.006,0.01,0.956,0.028,BAT,54.43386,12.94641,BODDENHECHT
BH-90132,0.011,0.01,0.15,0.829,BAT,,,BODDENHECHT
BH-90132,0.011,0.01,0.15,0.829,BAT,54.40073,12.89073,BODDENHECHT
BH-90133,0.008,0.005,0.241,0.746,BAT,,,BODDENHECHT
BH-90134,0.009,0.026,0.905,0.06,BAT,,,BODDENHECHT
BH-90137,0.273,0.061,0.247,0.419,BAT,,,BODDENHECHT
BH-90167,0.005,0.005,0.951,0.039,BAT,,,BODDENHECHT
BH-90190,0.032,0.034,0.756,0.179,BAT,,,BODDENHECHT
BH-90199,0.039,0.034,0.475,0.452,BAT,,,BODDENHECHT
BH-90203,0.012,0.007,0.172,0.809,BAT,,,BODDENHECHT
BH-90205,0.011,0.01,0.932,0.048,BAT,,,BODDENHECHT
BH-90207,0.008,0.007,0.18,0.805,BAT,,,BODDENHECHT
BH-90208,0.007,0.008,0.864,0.121,BAT,,,BODDENHECHT
BH-90209,0.07,0.187,0.49,0.253,BAT,,,BODDENHECHT
BH-90214,0.005,0.004,0.074,0.917,BAT,,,BODDENHECHT
BH-90216,0.005,0.007,0.093,0.895,BAT,,,BODDENHECHT
BH-90219,0.019,0.033,0.91,0.037,BAT,,,BODDENHECHT
BH-90221,0.006,0.005,0.112,0.877,BAT,,,BODDENHECHT
BH-90221,0.006,0.005,0.112,0.877,SB,54.4536,13.1717,BODDENHECHT
BH-90221,0.006,0.005,0.112,0.877,BAT,54.4312,12.9933,BODDENHECHT
BH-90229,0.006,0.004,0.204,0.785,BAT,,,BODDENHECHT
BH-90230,0.006,0.005,0.09,0.899,BAT,,,BODDENHECHT
BH-90248,0.028,0.037,0.922,0.013,BAT,,,BODDENHECHT
BH-90441,0.01,0.009,0.108,0.874,BAT,,,BODDENHECHT
BH-90445,0.005,0.003,0.086,0.906,BAT,,,BODDENHECHT
BH-90446,0.012,0.021,0.288,0.678,BAT,,,BODDENHECHT
BH-90447,0.007,0.007,0.881,0.106,BAT,,,BODDENHECHT
BH-90451,0.034,0.03,0.8,0.136,BAT,,,BODDENHECHT
BH-90453,0.013,0.012,0.879,0.096,BAT,,,BODDENHECHT
BH-90734,0.267,0.035,0.477,0.221,BAT,,,BODDENHECHT
BH-90739,0.043,0.027,0.443,0.488,BAT,,,BODDENHECHT
BH-90739,0.043,0.027,0.443,0.488,BAT,,,BODDENHECHT
BH-90750,0.12,0.251,0.521,0.108,BAT,,,BODDENHECHT
BH-90751,0.057,0.047,0.853,0.043,BAT,,,BODDENHECHT
BH-90753,0.006,0.009,0.095,0.89,BAT,,,BODDENHECHT
BH-90760,0.024,0.015,0.218,0.744,BAT,,,BODDENHECHT
BH-90773,0.828,0.141,0.015,0.017,BAT,,,BODDENHECHT
BH-90773,0.828,0.141,0.015,0.017,BAT,54.438018,12.950473,BODDENHECHT
BH-90832,0.024,0.03,0.809,0.138,BAT,,,BODDENHECHT
BH-90841,0.05,0.067,0.355,0.527,BAT,,,BODDENHECHT
BH-90851,0.177,0.056,0.61,0.157,BAT,,,BODDENHECHT
BH-90851,0.177,0.056,0.61,0.157,BAT,54.41439,12.93337,BODDENHECHT
BH-90853,0.618,0.053,0.102,0.227,BAT,,,BODDENHECHT
BH-90855,0.112,0.171,0.643,0.074,BAT,,,BODDENHECHT
BH-90872,0.811,0.023,0.127,0.039,BAT,,,BODDENHECHT
BH-90880,0.066,0.102,0.426,0.406,BAT,,,BODDENHECHT
BH-90882,0.009,0.009,0.281,0.701,BAT,,,BODDENHECHT
BH-90882,0.009,0.009,0.281,0.701,BAT,54.43711,12.94094,BODDENHECHT
BH-90886,0.064,0.039,0.198,0.699,BAT,,,BODDENHECHT
BH-90888,0.018,0.02,0.281,0.681,BAT,,,BODDENHECHT
BH-90894,0.009,0.02,0.919,0.052,BAT,,,BODDENHECHT
BH-90895,0.018,0.015,0.169,0.797,BAT,,,BODDENHECHT
BH-90896,0.01,0.018,0.941,0.031,BAT,,,BODDENHECHT
BH-01555,0.048,0.012,0.595,0.345,BEG,,,BODDENHECHT
BH-01560,0.028,0.019,0.914,0.039,BEG,,,BODDENHECHT
BH-01567,0.143,0.11,0.379,0.368,BEG,,,BODDENHECHT
BH-01569,0.017,0.074,0.897,0.012,BEG,,,BODDENHECHT
BH-01570,0.11,0.037,0.355,0.499,BEG,,,BODDENHECHT
BH-01571,0.46,0.035,0.3,0.204,BEG,,,BODDENHECHT
BH-01576,0.122,0.028,0.266,0.584,BEG,,,BODDENHECHT
BH-01580,0.008,0.006,0.114,0.872,BEG,,,BODDENHECHT
BH-01701,0.144,0.157,0.628,0.071,BEG,,,BODDENHECHT
BH-01717,0.006,0.011,0.97,0.013,BEG,,,BODDENHECHT
BH-01722,0.653,0.023,0.146,0.178,BEG,,,BODDENHECHT
BH-01846,0.045,0.02,0.368,0.568,BEG,,,BODDENHECHT
BH-90003,0.012,0.012,0.089,0.888,BEG,,,BODDENHECHT
BH-90003,0.012,0.012,0.089,0.888,GJB,,,BODDENHECHT
BH-90004,0.037,0.024,0.071,0.867,BEG,,,BODDENHECHT
BH-90162,0.004,0.004,0.089,0.903,BEG,,,BODDENHECHT
BH-90163,0.119,0.053,0.764,0.064,BEG,,,BODDENHECHT
BH-90164,0.394,0.053,0.259,0.294,BEG,,,BODDENHECHT
BH-90168,0.005,0.007,0.942,0.046,BEG,,,BODDENHECHT
BH-90176,0.03,0.035,0.238,0.697,BEG,,,BODDENHECHT
BH-90177,0.164,0.049,0.272,0.514,BEG,,,BODDENHECHT
BH-90180,0.094,0.067,0.399,0.441,BEG,,,BODDENHECHT
BH-90183,0.009,0.05,0.929,0.012,BEG,,,BODDENHECHT
BH-90188,0.525,0.146,0.281,0.047,BEG,,,BODDENHECHT
BH-90202,0.063,0.057,0.835,0.045,BEG,,,BODDENHECHT
BH-90211,0.01,0.006,0.305,0.679,BEG,,,BODDENHECHT
BH-90211,0.01,0.006,0.305,0.679,GJB,,,BODDENHECHT
BH-90215,0.058,0.049,0.863,0.031,BEG,,,BODDENHECHT
BH-90235,0.006,0.005,0.844,0.145,BEG,,,BODDENHECHT
BH-90244,0.053,0.031,0.161,0.756,BEG,,,BODDENHECHT
BH-90246,0.807,0.027,0.074,0.092,BEG,,,BODDENHECHT
BH-90249,0.009,0.014,0.865,0.111,BEG,,,BODDENHECHT
BH-90249,0.009,0.014,0.865,0.111,GJB,,,BODDENHECHT
BH-90256,0.283,0.102,0.369,0.246,BEG,,,BODDENHECHT
BH-90256,0.283,0.102,0.369,0.246,BEG,,,BODDENHECHT
BH-90270,0.449,0.028,0.192,0.331,BEG,,,BODDENHECHT
BH-90301,0.93,0.043,0.014,0.013,BEG,,,BODDENHECHT
BH-90301,0.93,0.043,0.014,0.013,BEG,,,BODDENHECHT
BH-90304,0.017,0.016,0.075,0.892,BEG,,,BODDENHECHT
BH-90304,0.017,0.016,0.075,0.892,BEG,,,BODDENHECHT
BH-90310,0.012,0.007,0.189,0.792,BEG,,,BODDENHECHT
BH-90316,0.145,0.051,0.378,0.427,BEG,,,BODDENHECHT
BH-90408,0.016,0.016,0.248,0.719,BEG,,,BODDENHECHT
BH-90420,0.252,0.056,0.345,0.348,BEG,,,BODDENHECHT
BH-90425,0.038,0.007,0.673,0.282,BEG,,,BODDENHECHT
BH-90428,0.007,0.007,0.844,0.142,BEG,,,BODDENHECHT
BH-90433,0.367,0.031,0.576,0.027,BEG,,,BODDENHECHT
BH-90437,0.011,0.006,0.23,0.753,BEG,,,BODDENHECHT
BH-90443,0.122,0.216,0.462,0.199,BEG,,,BODDENHECHT
BH-90443,0.122,0.216,0.462,0.199,GJB,54.53,13.37,BODDENHECHT
BH-90444,0.077,0.052,0.412,0.46,BEG,,,BODDENHECHT
BH-90444,0.077,0.052,0.412,0.46,BEG,,,BODDENHECHT
BH-90454,0.014,0.005,0.453,0.528,BEG,,,BODDENHECHT
BH-90455,0.013,0.006,0.398,0.584,BEG,,,BODDENHECHT
BH-90458,0.006,0.004,0.101,0.889,BEG,,,BODDENHECHT
BH-90460,0.024,0.019,0.142,0.815,BEG,,,BODDENHECHT
BH-90500,0.009,0.014,0.834,0.142,BEG,,,BODDENHECHT
BH-90537,0.02,0.027,0.906,0.047,BEG,,,BODDENHECHT
BH-90537,0.02,0.027,0.906,0.047,GJB,54.53,13.37,BODDENHECHT
BH-90537,0.02,0.027,0.906,0.047,GJB,54.53,13.37,BODDENHECHT
BH-90549,0.021,0.014,0.167,0.797,BEG,,,BODDENHECHT
BH-90550,0.172,0.062,0.37,0.396,BEG,,,BODDENHECHT
BH-90550,0.172,0.062,0.37,0.396,BEG,,,BODDENHECHT
BH-90553,0.022,0.009,0.333,0.637,BEG,,,BODDENHECHT
BH-90553,0.022,0.009,0.333,0.637,GJB,,,BODDENHECHT
BH-90559,0.039,0.023,0.381,0.556,BEG,,,BODDENHECHT
BH-90561,0.05,0.018,0.262,0.67,BEG,,,BODDENHECHT
BH-90564,0.007,0.005,0.216,0.772,BEG,,,BODDENHECHT
BH-90565,0.011,0.015,0.181,0.793,BEG,,,BODDENHECHT
BH-90577,0.018,0.016,0.935,0.031,BEG,,,BODDENHECHT
BH-90577,0.018,0.016,0.935,0.031,BEG,,,BODDENHECHT
BH-90582,0.037,0.067,0.829,0.068,BEG,,,BODDENHECHT
BH-90599,0.902,0.06,0.019,0.019,BEG,,,BODDENHECHT
BH-90599,0.902,0.06,0.019,0.019,BEG,54.5421,13.3658,BODDENHECHT
BH-90600,0.068,0.038,0.245,0.649,BEG,,,BODDENHECHT
BH-90602,0.018,0.01,0.923,0.049,BEG,,,BODDENHECHT
BH-90605,0.022,0.01,0.105,0.863,BEG,,,BODDENHECHT
BH-90606,0.006,0.007,0.888,0.099,BEG,,,BODDENHECHT
BH-90608,0.039,0.01,0.881,0.069,BEG,,,BODDENHECHT
BH-90609,0.014,0.007,0.22,0.759,BEG,,,BODDENHECHT
BH-90614,0.096,0.009,0.617,0.278,BEG,,,BODDENHECHT
BH-90614,0.096,0.009,0.617,0.278,BEG,,,BODDENHECHT
BH-90852,0.005,0.006,0.943,0.046,BEG,,,BODDENHECHT
BH-90852,0.005,0.006,0.943,0.046,BEZ,,,BODDENHECHT
BH-90867,0.045,0.01,0.24,0.705,BEG,,,BODDENHECHT
BH-90919,0.007,0.008,0.896,0.089,BEG,,,BODDENHECHT
BH-90919,0.007,0.008,0.896,0.089,GJB,54.56562,13.42465,BODDENHECHT
BH-90923,0.013,0.006,0.269,0.712,Duwenbeek,,,BODDENHECHT
BH-90923,0.013,0.006,0.269,0.712,Duwenbeek,,,BODDENHECHT
BH-91012,0.081,0.899,0.013,0.007,Duwenbeek,,,BODDENHECHT
BH-91039,0.608,0.048,0.122,0.222,Duwenbeek,,,BODDENHECHT
BH-91230,0.761,0.223,0.01,0.007,Duwenbeek,,,BODDENHECHT
BH-91240,0.883,0.1,0.009,0.008,Duwenbeek,,,BODDENHECHT
BH-91246,0.95,0.023,0.013,0.014,Duwenbeek,,,BODDENHECHT
BH-91257,0.237,0.167,0.185,0.412,Duwenbeek,,,BODDENHECHT
BH-91261,0.455,0.032,0.393,0.121,Duwenbeek,,,BODDENHECHT
BH-91273,0.004,0.003,0.079,0.914,Duwenbeek,,,BODDENHECHT
BH-93100,0.931,0.01,0.034,0.025,Duwenbeek,54.47845,13.27969,BODDENHECHT
BH-93141,0.297,0.196,0.088,0.419,Duwenbeek,54.47845,13.27969,BODDENHECHT
BH-00750,0.907,0.082,0.005,0.006,GB,,,BODDENHECHT
BH-01877,0.025,0.95,0.013,0.012,KD,,,BODDENHECHT
BH-01880,0.029,0.02,0.423,0.528,GB,,,BODDENHECHT
BH-01881,0.015,0.011,0.118,0.855,GB,,,BODDENHECHT
BH-01882,0.022,0.012,0.113,0.853,GB,,,BODDENHECHT
BH-01883,0.006,0.009,0.94,0.045,GB,,,BODDENHECHT
BH-01884,0.005,0.006,0.107,0.882,GB,,,BODDENHECHT
BH-01885,0.034,0.023,0.277,0.666,GB,,,BODDENHECHT
BH-01886,0.014,0.009,0.332,0.645,GB,,,BODDENHECHT
BH-01887,0.009,0.01,0.953,0.028,GB,,,BODDENHECHT
BH-01888,0.01,0.014,0.906,0.07,GB,,,BODDENHECHT
BH-01889,0.051,0.035,0.276,0.639,GB,,,BODDENHECHT
BH-01890,0.829,0.063,0.061,0.047,GB,,,BODDENHECHT
BH-01891,0.341,0.092,0.527,0.04,GB,,,BODDENHECHT
BH-01892,0.007,0.006,0.12,0.868,GB,,,BODDENHECHT
BH-01893,0.015,0.006,0.317,0.661,GB,,,BODDENHECHT
BH-01894,0.032,0.011,0.248,0.709,GB,,,BODDENHECHT
BH-01895,0.052,0.934,0.007,0.007,GB,,,BODDENHECHT
BH-01897,0.01,0.01,0.931,0.05,GB,,,BODDENHECHT
BH-01898,0.039,0.014,0.511,0.437,GB,,,BODDENHECHT
BH-01899,0.007,0.005,0.139,0.848,GB,,,BODDENHECHT
BH-01900,0.015,0.009,0.271,0.705,GB,,,BODDENHECHT
BH-01901,0.006,0.005,0.063,0.926,GB,,,BODDENHECHT
BH-01902,0.024,0.02,0.336,0.62,GB,,,BODDENHECHT
BH-01904,0.252,0.23,0.135,0.383,GB,,,BODDENHECHT
BH-01908,0.017,0.024,0.86,0.099,GB,,,BODDENHECHT
BH-52037,0.033,0.012,0.201,0.754,GB,54.36519,13.68613,BODDENHECHT
BH-52038,0.022,0.013,0.145,0.82,GB,54.36519,13.68613,BODDENHECHT
BH-52039,0.013,0.012,0.306,0.668,GB,54.36519,13.68613,BODDENHECHT
BH-52040,0.006,0.004,0.165,0.825,GB,54.36519,13.68613,BODDENHECHT
BH-52041,0.006,0.006,0.099,0.889,GB,54.36519,13.68613,BODDENHECHT
BH-52042,0.408,0.024,0.302,0.267,GB,54.36519,13.68613,BODDENHECHT
BH-90027,0.011,0.009,0.602,0.378,GB,,,BODDENHECHT
BH-90448,0.005,0.008,0.933,0.054,GB,,,BODDENHECHT
BH-90450,0.013,0.008,0.095,0.885,GB,,,BODDENHECHT
BH-90452,0.05,0.032,0.38,0.537,GB,,,BODDENHECHT
BH-90456,0.038,0.033,0.87,0.059,GB,,,BODDENHECHT
BH-90457,0.014,0.006,0.385,0.595,GB,,,BODDENHECHT
BH-90457,0.014,0.006,0.385,0.595,GB,,,BODDENHECHT
BH-90457,0.014,0.006,0.385,0.595,GB,,,BODDENHECHT
BH-90538,0.019,0.018,0.322,0.641,GB,,,BODDENHECHT
BH-90538,0.019,0.018,0.322,0.641,GB,54.3436,13.5067,BODDENHECHT
BH-90567,0.03,0.057,0.852,0.062,GB,,,BODDENHECHT
BH-90618,0.031,0.014,0.914,0.041,GB,,,BODDENHECHT
BH-90619,0.414,0.051,0.274,0.262,GB,,,BODDENHECHT
BH-90619,0.414,0.051,0.274,0.262,GB,54.3322,13.4606,BODDENHECHT
BH-90624,0.187,0.053,0.347,0.414,GB,,,BODDENHECHT
BH-90638,0.78,0.042,0.061,0.118,GB,,,BODDENHECHT
BH-90642,0.033,0.021,0.311,0.634,GB,,,BODDENHECHT
BH-90646,0.013,0.01,0.378,0.599,GB,,,BODDENHECHT
BH-90667,0.028,0.058,0.83,0.084,GB,,,BODDENHECHT
BH-90687,0.859,0.053,0.062,0.026,GB,,,BODDENHECHT
BH-90695,0.014,0.019,0.867,0.099,GB,,,BODDENHECHT
BH-90733,0.179,0.181,0.383,0.257,GB,,,BODDENHECHT
BH-90737,0.126,0.1,0.184,0.59,GB,,,BODDENHECHT
BH-90740,0.505,0.144,0.263,0.088,GB,,,BODDENHECHT
BH-90742,0.046,0.118,0.736,0.1,GB,,,BODDENHECHT
BH-90742,0.046,0.118,0.736,0.1,GB,54.3434,13.5071,BODDENHECHT
BH-90745,0.018,0.01,0.663,0.308,GB,,,BODDENHECHT
BH-90745,0.018,0.01,0.663,0.308,GB,,,BODDENHECHT
BH-90746,0.061,0.025,0.258,0.656,GB,,,BODDENHECHT
BH-90747,0.12,0.126,0.682,0.073,GB,,,BODDENHECHT
BH-90752,0.309,0.092,0.276,0.322,GB,,,BODDENHECHT
BH-90754,0.132,0.062,0.302,0.504,GB,,,BODDENHECHT
BH-90756,0.587,0.396,0.009,0.008,GB,,,BODDENHECHT
BH-90757,0.009,0.008,0.926,0.057,GB,,,BODDENHECHT
BH-90764,0.006,0.004,0.121,0.869,GB,,,BODDENHECHT
BH-90768,0.172,0.227,0.488,0.113,GB,,,BODDENHECHT
BH-90770,0.4,0.141,0.272,0.187,GB,,,BODDENHECHT
BH-90778,0.063,0.035,0.45,0.453,GB,,,BODDENHECHT
BH-90784,0.021,0.012,0.289,0.678,GB,,,BODDENHECHT
BH-90787,0.07,0.03,0.457,0.443,GB,,,BODDENHECHT
BH-90787,0.07,0.03,0.457,0.443,GB,54.3152,13.4598,BODDENHECHT
BH-90789,0.033,0.088,0.839,0.039,GB,,,BODDENHECHT
BH-90789,0.033,0.088,0.839,0.039,GB,54.33248,13.45668,BODDENHECHT
BH-90790,0.026,0.018,0.855,0.101,GB,,,BODDENHECHT
BH-90790,0.026,0.018,0.855,0.101,GB,54.316,13.5217,BODDENHECHT
BH-90795,0.004,0.003,0.127,0.866,GB,,,BODDENHECHT
BH-90795,0.004,0.003,0.127,0.866,GB,54.3284,13.4599,BODDENHECHT
BH-90796,0.046,0.179,0.461,0.314,GB,,,BODDENHECHT
BH-90801,0.014,0.008,0.311,0.668,GB,,,BODDENHECHT
BH-90801,0.014,0.008,0.311,0.668,GB,54.3336,13.4549,BODDENHECHT
BH-90802,0.027,0.011,0.427,0.534,GB,,,BODDENHECHT
BH-90803,0.011,0.008,0.156,0.824,GB,,,BODDENHECHT
BH-90807,0.005,0.006,0.108,0.881,GB,,,BODDENHECHT
BH-90808,0.03,0.065,0.828,0.077,GB,,,BODDENHECHT
BH-90809,0.005,0.004,0.136,0.855,GB,,,BODDENHECHT
BH-90809,0.005,0.004,0.136,0.855,GB,54.314,13.4628,BODDENHECHT
BH-90810,0.009,0.005,0.113,0.872,GB,,,BODDENHECHT
BH-90810,0.009,0.005,0.113,0.872,GB,54.34683,13.581,BODDENHECHT
BH-90811,0.096,0.009,0.647,0.249,GB,,,BODDENHECHT
BH-90812,0.033,0.154,0.793,0.021,GB,,,BODDENHECHT
BH-90812,0.033,0.154,0.793,0.021,GB,54.3314,13.4595,BODDENHECHT
BH-90813,0.655,0.121,0.185,0.04,GB,,,BODDENHECHT
BH-90836,0.005,0.005,0.088,0.902,GB,,,BODDENHECHT
BH-90848,0.008,0.005,0.212,0.775,GB,,,BODDENHECHT
BH-91237,0.529,0.216,0.136,0.119,GB,54.36242,13.65557,BODDENHECHT
BH-91237,0.529,0.216,0.136,0.119,GB,54.36,13.6499,BODDENHECHT
BH-91244,0.006,0.007,0.711,0.276,GB,54.36242,13.65557,BODDENHECHT
BH-91349,0.045,0.026,0.619,0.31,GB,54.36138,13.65555,BODDENHECHT
BH-91400,0.058,0.18,0.631,0.132,GB,54.36242,13.65557,BODDENHECHT
BH-91405,0.012,0.006,0.461,0.521,GB,54.36242,13.65557,BODDENHECHT
BH-91431,0.006,0.009,0.937,0.048,GB,54.36242,13.65557,BODDENHECHT
BH-91432,0.02,0.012,0.412,0.556,GB,54.36274,13.69018,BODDENHECHT
BH-91439,0.023,0.014,0.359,0.604,GB,54.36188,13.65553,BODDENHECHT
BH-91447,0.012,0.008,0.955,0.025,GB,54.36242,13.65557,BODDENHECHT
BH-91523,0.013,0.009,0.869,0.109,GB,54.36242,13.65557,BODDENHECHT
BH-91527,0.149,0.094,0.696,0.06,GB,54.36242,13.65557,BODDENHECHT
BH-91529,0.033,0.079,0.783,0.106,GB,54.36188,13.65553,BODDENHECHT
BH-91530,0.007,0.004,0.173,0.817,GB,54.36175,13.68808,BODDENHECHT
BH-91531,0.022,0.014,0.143,0.82,GB,54.36175,13.68808,BODDENHECHT
BH-91532,0.007,0.007,0.958,0.027,GB,54.36242,13.65557,BODDENHECHT
BH-91533,0.048,0.028,0.371,0.553,GB,54.36242,13.65557,BODDENHECHT
BH-91535,0.012,0.015,0.847,0.126,GB,54.36188,13.65553,BODDENHECHT
BH-91536,0.014,0.009,0.941,0.037,GB,54.36188,13.65553,BODDENHECHT
BH-91537,0.005,0.005,0.103,0.887,GB,54.36242,13.65557,BODDENHECHT
BH-91538,0.013,0.009,0.36,0.618,GB,54.36175,13.68808,BODDENHECHT
BH-91538,0.013,0.009,0.36,0.618,GB,,,BODDENHECHT
BH-91539,0.51,0.051,0.102,0.338,GB,54.36188,13.65553,BODDENHECHT
BH-91541,0.008,0.007,0.246,0.74,GB,54.36242,13.65557,BODDENHECHT
BH-91542,0.019,0.05,0.849,0.081,GB,54.36188,13.65553,BODDENHECHT
BH-91542,0.019,0.05,0.849,0.081,GB,54.3603,13.6497,BODDENHECHT
BH-91543,0.022,0.024,0.451,0.503,GB,54.36242,13.65557,BODDENHECHT
BH-91543,0.022,0.024,0.451,0.503,KB,54.36264,13.6518,BODDENHECHT
BH-91544,0.347,0.576,0.05,0.028,GB,54.36188,13.65553,BODDENHECHT
BH-91591,0.075,0.029,0.113,0.782,GB,54.3692,13.69067,BODDENHECHT
BH-91598,0.005,0.004,0.085,0.906,GB,54.36362,13.68781,BODDENHECHT
BH-91602,0.145,0.041,0.162,0.652,GB,54.36232,13.68804,BODDENHECHT
BH-91604,0.075,0.023,0.486,0.417,GB,54.35879,13.65061,BODDENHECHT
BH-91611,0.019,0.017,0.93,0.034,GB,54.35879,13.65061,BODDENHECHT
BH-91623,0.093,0.043,0.317,0.547,GB,54.36811,13.68719,BODDENHECHT
BH-91624,0.007,0.005,0.139,0.849,GB,54.36214,13.64826,BODDENHECHT
BH-91630,0.005,0.004,0.08,0.911,GB,54.36365,13.65582,BODDENHECHT
BH-91631,0.075,0.025,0.431,0.47,GB,54.36188,13.65222,BODDENHECHT
BH-91632,0.012,0.01,0.231,0.747,GB,54.36865,13.68227,BODDENHECHT
BH-91635,0.008,0.005,0.458,0.529,GB,54.36948,13.68846,BODDENHECHT
BH-91650,0.069,0.02,0.196,0.715,GB,54.37,13.68391,BODDENHECHT
BH-91657,0.165,0.073,0.732,0.03,GB,54.3621,13.64831,BODDENHECHT
BH-91658,0.085,0.185,0.66,0.071,GB,54.36412,13.69585,BODDENHECHT
BH-91676,0.004,0.002,0.126,0.867,GB,54.37,13.68391,BODDENHECHT
BH-91677,0.015,0.011,0.89,0.085,GB,54.36865,13.68227,BODDENHECHT
BH-91683,0.043,0.019,0.348,0.589,GB,54.36214,13.64826,BODDENHECHT
BH-91686,0.007,0.006,0.956,0.031,GB,54.36042,13.64629,BODDENHECHT
BH-91691,0.025,0.031,0.89,0.054,GB,54.36214,13.64826,BODDENHECHT
BH-91695,0.013,0.009,0.217,0.76,GB,54.36249,13.689,BODDENHECHT
BH-91696,0.026,0.017,0.08,0.877,GB,54.36205,13.696,BODDENHECHT
BH-91696,0.026,0.017,0.08,0.877,GB,54.3653,13.6877,BODDENHECHT
BH-91697,0.04,0.023,0.265,0.671,GB,54.45128,13.19852,BODDENHECHT
BH-91699,0.051,0.015,0.169,0.765,GB,54.36188,13.65222,BODDENHECHT
BH-91702,0.017,0.026,0.912,0.045,GB,54.36188,13.65222,BODDENHECHT
BH-91705,0.237,0.048,0.393,0.321,GB,54.36042,13.64629,BODDENHECHT
BH-91720,0.053,0.012,0.176,0.759,GB,54.36579,13.68398,BODDENHECHT
BH-91722,0.308,0.055,0.543,0.095,GB,,,BODDENHECHT
BH-91722,0.308,0.055,0.543,0.095,GB,54.35959,13.64561,BODDENHECHT
BH-91724,0.566,0.248,0.135,0.051,GB,54.36255,13.65469,BODDENHECHT
BH-91737,0.008,0.017,0.9,0.075,GB,54.36188,13.65222,BODDENHECHT
BH-91752,0.011,0.012,0.086,0.89,GB,54.36255,13.65469,BODDENHECHT
BH-91756,0.039,0.039,0.114,0.808,GB,54.36365,13.65582,BODDENHECHT
BH-91765,0.008,0.004,0.697,0.291,GB,54.36111,13.64961,BODDENHECHT
BH-91765,0.008,0.004,0.697,0.291,GB,,,BODDENHECHT
BH-91765,0.009,0.003,0.68,0.307,GB,54.36111,13.64961,BODDENHECHT
BH-91765,0.009,0.003,0.68,0.307,GB,,,BODDENHECHT
BH-91768,0.029,0.016,0.193,0.762,GB,,,BODDENHECHT
BH-91772,0.021,0.01,0.218,0.751,GB,54.36865,13.68227,BODDENHECHT
BH-91774,0.019,0.014,0.15,0.817,GB,54.35879,13.65061,BODDENHECHT
BH-91778,0.02,0.014,0.338,0.628,GB,54.36278,13.69017,BODDENHECHT
BH-91778,0.02,0.014,0.338,0.628,GB,54.3653,13.6877,BODDENHECHT
BH-91782,0.018,0.006,0.566,0.411,GB,54.36188,13.65222,BODDENHECHT
BH-91786,0.013,0.021,0.937,0.029,GB,54.45075,13.19891,BODDENHECHT
BH-91789,0.095,0.063,0.139,0.703,GB,54.36412,13.69585,BODDENHECHT
BH-91789,0.07,0.034,0.144,0.753,GB,54.36412,13.69585,BODDENHECHT
BH-01596,0.029,0.01,0.629,0.333,GJB,,,BODDENHECHT
BH-01598,0.175,0.146,0.329,0.35,GJB,,,BODDENHECHT
BH-50281,0.007,0.005,0.084,0.903,GJB,,,BODDENHECHT
BH-50282,0.023,0.01,0.278,0.689,GJB,,,BODDENHECHT
BH-50283,0.016,0.017,0.205,0.762,GJB,,,BODDENHECHT
BH-50283,0.016,0.017,0.205,0.762,BEZ,,,BODDENHECHT
BH-50284,0.007,0.005,0.121,0.867,GJB,,,BODDENHECHT
BH-50285,0.018,0.007,0.546,0.429,GJB,,,BODDENHECHT
BH-50286,0.04,0.032,0.138,0.789,GJB,,,BODDENHECHT
BH-50287,0.128,0.058,0.347,0.468,GJB,,,BODDENHECHT
BH-50468,0.31,0.208,0.124,0.358,GJB,,,BODDENHECHT
BH-50469,0.09,0.069,0.336,0.505,GJB,,,BODDENHECHT
BH-50470,0.008,0.006,0.36,0.626,GJB,,,BODDENHECHT
BH-50498,0.007,0.007,0.95,0.037,GJB,,,BODDENHECHT
BH-50527,0.012,0.011,0.919,0.058,GJB,,,BODDENHECHT
BH-50528,0.018,0.012,0.096,0.874,GJB,,,BODDENHECHT
BH-50529,0.024,0.045,0.885,0.046,GJB,,,BODDENHECHT
BH-50531,0.052,0.127,0.73,0.091,GJB,,,BODDENHECHT
BH-50531,0.052,0.127,0.73,0.091,BEG,54.563633,13.361467,BODDENHECHT
BH-50532,0.017,0.014,0.089,0.88,GJB,,,BODDENHECHT
BH-51955,0.017,0.01,0.283,0.69,GJB,54.52235,13.48242,BODDENHECHT
BH-51955,0.017,0.01,0.283,0.69,BEG,,,BODDENHECHT
BH-51956,0.071,0.017,0.42,0.492,GJB,54.52283,13.34772,BODDENHECHT
BH-51956,0.071,0.017,0.42,0.492,BEG,54.5331,13.36948,BODDENHECHT
BH-51957,0.02,0.012,0.475,0.492,GJB,54.52175,13.34778,BODDENHECHT
BH-51958,0.296,0.031,0.36,0.312,GJB,54.52732,13.34988,BODDENHECHT
BH-51958,0.296,0.031,0.36,0.312,BEG,54.5331,13.36948,BODDENHECHT
BH-51959,0.11,0.029,0.354,0.507,GJB,54.52388,13.34918,BODDENHECHT
BH-51960,0.058,0.028,0.424,0.49,GJB,54.5242,13.34887,BODDENHECHT
BH-51960,0.058,0.028,0.424,0.49,BEG,54.53318,13.36948,BODDENHECHT
BH-90034,0.009,0.005,0.167,0.819,GJB,,,BODDENHECHT
BH-90034,0.009,0.005,0.167,0.819,GJB,54.50035,13.50351,BODDENHECHT
BH-90254,0.353,0.125,0.454,0.069,GJB,,,BODDENHECHT
BH-90255,0.016,0.01,0.142,0.832,GJB,,,BODDENHECHT
BH-90265,0.037,0.021,0.64,0.302,GJB,,,BODDENHECHT
BH-90273,0.087,0.033,0.277,0.603,GJB,,,BODDENHECHT
BH-90292,0.005,0.004,0.151,0.84,GJB,,,BODDENHECHT
BH-90292,0.005,0.004,0.151,0.84,BEZ,,,BODDENHECHT
BH-90295,0.215,0.064,0.675,0.046,GJB,,,BODDENHECHT
BH-90299,0.034,0.017,0.297,0.652,GJB,,,BODDENHECHT
BH-90300,0.866,0.073,0.03,0.032,GJB,,,BODDENHECHT
BH-01737,0.014,0.012,0.068,0.906,KB,,,BODDENHECHT
BH-01789,0.007,0.004,0.14,0.849,KB,,,BODDENHECHT
BH-01806,0.009,0.007,0.098,0.887,KB,,,BODDENHECHT
BH-01809,0.066,0.059,0.375,0.5,KB,,,BODDENHECHT
BH-01810,0.01,0.006,0.107,0.877,KB,,,BODDENHECHT
BH-01814,0.049,0.019,0.163,0.769,KB,,,BODDENHECHT
BH-01816,0.007,0.006,0.321,0.666,KB,,,BODDENHECHT
BH-01818,0.298,0.052,0.233,0.416,KB,,,BODDENHECHT
BH-01825,0.007,0.005,0.145,0.843,KB,,,BODDENHECHT
BH-01835,0.005,0.006,0.059,0.93,KB,,,BODDENHECHT
BH-01838,0.024,0.038,0.053,0.885,KB,,,BODDENHECHT
BH-01845,0.227,0.288,0.406,0.079,KB,,,BODDENHECHT
BH-01852,0.032,0.016,0.631,0.321,KB,,,BODDENHECHT
BH-01860,0.004,0.003,0.054,0.94,KB,,,BODDENHECHT
BH-01862,0.009,0.01,0.94,0.041,KB,,,BODDENHECHT
BH-01922,0.029,0.036,0.886,0.049,KB,,,BODDENHECHT
BH-91204,0.095,0.035,0.354,0.517,KB,,,BODDENHECHT
BH-91208,0.117,0.013,0.709,0.162,KB,,,BODDENHECHT
BH-91209,0.012,0.008,0.135,0.845,KB,,,BODDENHECHT
BH-91213,0.183,0.06,0.229,0.528,KB,,,BODDENHECHT
BH-91215,0.006,0.004,0.239,0.751,KB,,,BODDENHECHT
BH-91216,0.022,0.015,0.18,0.782,KB,,,BODDENHECHT
BH-91219,0.006,0.004,0.093,0.897,KB,,,BODDENHECHT
BH-91221,0.005,0.005,0.085,0.905,KB,,,BODDENHECHT
BH-91223,0.006,0.004,0.165,0.825,KB,,,BODDENHECHT
BH-91224,0.006,0.01,0.914,0.071,KB,,,BODDENHECHT
BH-91224,0.006,0.01,0.914,0.071,BAT,54.3924,12.6966,BODDENHECHT
BH-91227,0.005,0.003,0.136,0.855,KB,,,BODDENHECHT
BH-91231,0.005,0.005,0.938,0.053,KB,,,BODDENHECHT
BH-91233,0.006,0.006,0.953,0.034,KB,,,BODDENHECHT
BH-91238,0.201,0.02,0.263,0.517,KB,,,BODDENHECHT
BH-91241,0.09,0.028,0.383,0.499,KB,,,BODDENHECHT
BH-91254,0.058,0.037,0.19,0.716,KB,,,BODDENHECHT
BH-91260,0.016,0.008,0.204,0.773,KB,,,BODDENHECHT
BH-91268,0.009,0.015,0.565,0.411,KB,,,BODDENHECHT
BH-91268,0.009,0.015,0.565,0.411,KB,54.434667,13.1055,BODDENHECHT
BH-91268,0.009,0.015,0.565,0.411,KB,,,BODDENHECHT
BH-91277,0.009,0.004,0.206,0.78,KB,,,BODDENHECHT
BH-91279,0.108,0.434,0.348,0.11,KB,,,BODDENHECHT
BH-91280,0.03,0.013,0.192,0.765,KB,,,BODDENHECHT
BH-91282,0.018,0.013,0.24,0.729,KB,,,BODDENHECHT
BH-91282,0.018,0.013,0.24,0.729,KB,54.3785,13.1157,BODDENHECHT
BH-91289,0.04,0.025,0.305,0.63,KB,,,BODDENHECHT
BH-91289,0.04,0.025,0.305,0.63,SB,,,BODDENHECHT
BH-91289,0.04,0.025,0.305,0.63,SB,54.4613,13.1951,BODDENHECHT
BH-91289,0.04,0.025,0.305,0.63,KB,54.45976,13.19444,BODDENHECHT
BH-91310,0.064,0.041,0.677,0.218,KB,,,BODDENHECHT
BH-91310,0.064,0.041,0.677,0.218,SB,54.4548,13.1817,BODDENHECHT
BH-91316,0.007,0.005,0.135,0.853,KB,,,BODDENHECHT
BH-91317,0.017,0.03,0.728,0.225,KB,,,BODDENHECHT
BH-91318,0.007,0.005,0.193,0.795,KB,,,BODDENHECHT
BH-91325,0.072,0.046,0.532,0.35,KB,,,BODDENHECHT
BH-91329,0.005,0.007,0.951,0.036,KB,,,BODDENHECHT
BH-91332,0.01,0.006,0.279,0.704,KB,,,BODDENHECHT
BH-91333,0.055,0.016,0.418,0.51,KB,,,BODDENHECHT
BH-91335,0.016,0.107,0.8,0.077,KB,,,BODDENHECHT
BH-91359,0.018,0.038,0.763,0.181,KB,,,BODDENHECHT
BH-91359,0.018,0.038,0.763,0.181,KB,54.26531,13.09378,BODDENHECHT
BH-91360,0.017,0.011,0.213,0.759,KB,,,BODDENHECHT
BH-91366,0.007,0.006,0.1,0.888,KB,,,BODDENHECHT
BH-91368,0.013,0.008,0.139,0.839,KB,,,BODDENHECHT
BH-91368,0.013,0.008,0.139,0.839,SB,54.4637,13.196,BODDENHECHT
BH-91370,0.012,0.032,0.881,0.076,KB,,,BODDENHECHT
BH-91371,0.025,0.019,0.223,0.733,KB,,,BODDENHECHT
BH-91373,0.006,0.004,0.328,0.662,KB,,,BODDENHECHT
